L,g,chi
3,0.0,0.0
3,0.04081632653061224,-0.010218880147560783
3,0.08163265306122448,-0.020524729549141627
3,0.12244897959183673,-0.030995502997363093
3,0.16326530612244897,-0.04169157080097684
3,0.2040816326530612,-0.05264806955361726
3,0.24489795918367346,-0.06386868939792026
3,0.2857142857142857,-0.07532143850247978
3,0.32653061224489793,-0.08693689970083684
3,0.36734693877551017,-0.09860937465402189
3,0.4081632653061224,-0.1102010978463738
3,0.44897959183673464,-0.12154938735440575
3,0.4897959183673469,-0.1324762386503345
3,0.5306122448979591,-0.14279951644952923
3,0.5714285714285714,-0.15234464769598005
3,0.6122448979591836,-0.1609556153515104
3,0.6530612244897959,-0.16850415184733258
3,0.6938775510204082,-0.1748962955505284
3,0.7346938775510203,-0.18007586194850034
3,0.7755102040816326,-0.18402480749681216
3,0.8163265306122448,-0.18676083655011272
3,0.8571428571428571,-0.1883328755990384
3,0.8979591836734693,-0.18881516735001586
3,0.9387755102040816,-0.1883007406487823
3,0.9795918367346939,-0.1868949133941835
3,1.0,-0.18589251194900744
3,1.0204081632653061,-0.18470932684911964
3,1.0612244897959182,-0.18185683514518536
3,1.1020408163265305,-0.17844740684996532
3,1.1428571428571428,-0.17458506474828916
3,1.183673469387755,-0.17036579344930602
3,1.2244897959183672,-0.16587628719924163
3,1.2653061224489794,-0.16119338539960373
3,1.3061224489795917,-0.15638403624737807
3,1.346938775510204,-0.15150564629984986
3,1.3877551020408163,-0.1466066882995053
3,1.4285714285714284,-0.14172746585124207
3,1.4693877551020407,-0.1369009559484182
3,1.510204081632653,-0.13215367020060786
3,1.5510204081632653,-0.1275064944009059
3,1.5918367346938773,-0.12297547914905044
3,1.6326530612244896,-0.11857256584846301
3,1.673469387755102,-0.11430624015021429
3,1.7142857142857142,-0.11018211095098467
3,1.7551020408163265,-0.1062034163494522
3,1.7959183673469385,-0.1023714614016801
3,1.8367346938775508,-0.0986859925493829
3,1.8775510204081631,-0.09514551599858319
3,1.9183673469387754,-0.09174756579961431
3,1.9591836734693877,-0.08848892790122892
3,2.0,-0.08536582655149369
4,0.0,0.0
4,0.04081632653061224,-0.010218979445908105
4,0.08163265306122448,-0.02052788065074348
4,0.12244897959183673,-0.031019099150172383
4,0.16326530612244897,-0.041789050947153475
4,0.2040816326530612,-0.052937926703009036
4,0.24489795918367346,-0.06456691640190804
4,0.2857142857142857,-0.07677238175135213
4,0.32653061224489793,-0.08963677670056466
4,0.36734693877551017,-0.10321656875244105
4,0.4081632653061224,-0.11752800144682772
4,0.44897959183673464,-0.13253223055033952
4,0.4897959183673469,-0.14812205820127872
4,0.5306122448979591,-0.16411300494571135
4,0.5714285714285714,-0.18024155025046665
4,0.6122448979591836,-0.1961728141473467
4,0.6530612244897959,-0.21151863085350428
4,0.6938775510204082,-0.22586502269457934
4,0.7346938775510203,-0.23880594994650878
4,0.7755102040816326,-0.24997851760080728
4,0.8163265306122448,-0.25909416724697726
4,0.8571428571428571,-0.2659610592519519
4,0.8979591836734693,-0.2704946962510711
4,0.9387755102040816,-0.27271626209900507
4,0.9795918367346939,-0.2727404252982242
4,1.0,-0.27198517755055446
4,1.0204081632653061,-0.2707558907004718
4,1.0612244897959182,-0.2670025241940093
4,1.1020408163265305,-0.2617485313477002
4,1.1428571428571428,-0.2552702632480016
4,1.183673469387755,-0.24783612704697153
4,1.2244897959183672,-0.23969508465125422
4,1.2653061224489794,-0.23106949309918579
4,1.3061224489795917,-0.22215160739712428
4,1.346938775510204,-0.21310289395198026
4,1.3877551020408163,-0.20405530610089861
4,1.4285714285714284,-0.19511378799724607
4,1.4693877551020407,-0.18635942294775756
4,1.510204081632653,-0.17785280384979898
4,1.5510204081632653,-0.16963733909691636
4,1.5918367346938773,-0.16174232154613843
4,1.6326530612244896,-0.1541856658005993
4,1.673469387755102,-0.14697628130015153
4,1.7142857142857142,-0.14011608205263615
4,1.7551020408163265,-0.1336016570976502
4,1.7959183673469385,-0.1274256379016326
4,1.8367346938775508,-0.12157780039854525
4,1.8775510204081631,-0.11604594419769047
4,1.9183673469387754,-0.11081658349770383
4,1.9591836734693877,-0.10587548409588005
4,2.0,-0.10120807449820778
5,0.0,0.0
5,0.04081632653061224,-0.010218979651299365
5,0.08163265306122448,-0.02052790930004863
5,0.12244897959183673,-0.031019581697507802
5,0.16326530612244897,-0.041792600352367634
5,0.2040816326530612,-0.05295445200080576
5,0.24489795918367346,-0.06462438589773652
5,0.2857142857142857,-0.07693541934588713
5,0.32653061224489793,-0.0900343506021403
5,0.36734693877551017,-0.10407824124690307
5,0.4081632653061224,-0.11922555939658128
5,0.44897959183673464,-0.1356202230009537
5,0.4897959183673469,-0.1533673807997349
5,0.5306122448979591,-0.1725011735997729
5,0.5714285714285714,-0.19294705280044228
5,0.6122448979591836,-0.21448436634955922
5,0.6530612244897959,-0.23671813105097603
5,0.6938775510204082,-0.25907086230011617
5,0.7346938775510203,-0.2808042936989697
5,0.7755102040816326,-0.3010755610468856
5,0.8163265306122448,-0.31902335864488485
5,0.8571428571428571,-0.33386945934913415
5,0.8979591836734693,-0.3450141673999198
5,0.9387755102040816,-0.35210437404944706
5,0.9795918367346939,-0.35506046390010854
5,1.0,-0.3550349071433978
5,1.0204081632653061,-0.3540601828976428
5,1.0612244897959182,-0.34948867044574977
5,1.1020408163265305,-0.3418701636981133
5,1.1428571428571428,-0.33179728235248857
5,1.183673469387755,-0.3198698357999158
5,1.2244897959183672,-0.30664945174584457
5,1.2653061224489794,-0.2926312522502897
5,1.3061224489795917,-0.2782304397523452
5,1.346938775510204,-0.2637801099530307
5,1.3877551020408163,-0.24953642059735995
5,1.4285714285714284,-0.23568782089712276
5,1.4693877551020407,-0.222365901196495
5,1.510204081632653,-0.20965626075093763
5,1.5510204081632653,-0.19760847025244604
5,1.5918367346938773,-0.186244691895322
5,1.6326530612244896,-0.17556683784998753
5,1.673469387755102,-0.16556233039979668
5,1.7142857142857142,-0.15620862099838623
5,1.7551020408163265,-0.1474766573463013
5,1.7959183673469385,-0.13933349199876968
5,1.8367346938775508,-0.13174420455033542
5,1.8775510204081631,-0.12467328939698633
5,1.9183673469387754,-0.11808563125026783
5,1.9591836734693877,-0.11194716945033203
5,2.0,-0.10622533044776582
6,0.0,-4.9960036107804746e-11
6,0.04081632653061224,-0.0102189797012594
6,0.08163265306122448,-0.020527909499888773
6,0.12244897959183673,-0.03101959085129664
6,0.16326530612244897,-0.04179272035082325
6,0.2040816326530612,-0.0529553261015975
6,0.24489795918367346,-0.06462877025172746
6,0.2857142857142857,-0.07695238339827207
6,0.32653061224489793,-0.09008851160004872
6,0.36734693877551017,-0.1042272230460217
6,0.4081632653061224,-0.11958906135289196
6,0.44897959183673464,-0.13642306474958565
6,0.4897959183673469,-0.15499594764776847
6,0.5306122448979591,-0.17556726574659456
6,0.5714285714285714,-0.19834536434818428
6,0.6122448979591836,-0.22342112890170365
6,0.6530612244897959,-0.2506823712483905
6,0.6938775510204082,-0.27972171554962943
6,0.7346938775510203,-0.3097634224493408
6,0.7755102040816326,-0.3396442674474763
6,0.8163265306122448,-0.3678816579009472
6,0.8571428571428571,-0.39284142869542504
6,0.8979591836734693,-0.4129805597969528
6,0.9387755102040816,-0.4271027446461681
6,0.9795918367346939,-0.4345503253482661
6,1.0,-0.43573354654705554
6,1.0204081632653061,-0.43527696399751237
6,1.0612244897959182,-0.4297912457512253
6,1.1020408163265305,-0.4190061916959115
6,1.1428571428571428,-0.4040515266952213
6,1.183673469387755,-0.38610041850098054
6,1.2244897959183672,-0.366241339147909
6,1.2653061224489794,-0.3454030957949626
6,1.3061224489795917,-0.32432571814631905
6,1.346938775510204,-0.30356345544847313
6,1.3877551020408163,-0.28350613589892226
6,1.4285714285714284,-0.26440824630151716
6,1.4693877551020407,-0.24641883474679319
6,1.510204081632653,-0.22960848984748275
6,1.5510204081632653,-0.21399184344932073
6,1.5918367346938773,-0.1995453521961538
6,1.6326530612244896,-0.18622079159691513
6,1.673469387755102,-0.1739551616463925
6,1.7142857142857142,-0.16267774605065463
6,1.7551020408163265,-0.1523149952488159
6,1.7959183673469385,-0.14279379314991725
6,1.8367346938775508,-0.134043551701889
6,1.8775510204081631,-0.12599747294867628
6,1.9183673469387754,-0.11859323085150497
6,1.9591836734693877,-0.11177326040205987
6,2.0,-0.10548478439551262
7,0.0,4.9960036107804746e-11
7,0.04081632653061224,-0.010218979651299365
7,0.08163265306122448,-0.020527909499888773
7,0.12244897959183673,-0.031019590995625634
7,0.16326530612244897,-0.04179272424770607
7,0.2040816326530612,-0.05295537024961607
7,0.24489795918367346,-0.06462908955186934
7,0.2857142857142857,-0.07695406690160879
7,0.32653061224489793,-0.09009554375268665
7,0.36734693877551017,-0.10425175360138632
7,0.4081632653061224,-0.11966312750055096
7,0.44897959183673464,-0.13662154609760815
7,0.4897959183673469,-0.15547658445034537
7,0.5306122448979591,-0.17663280200026246
7,0.5714285714285714,-0.2005283323989379
7,0.6122448979591836,-0.2275813664505767
7,0.6530612244897959,-0.2580902239518202
7,0.6938775510204082,-0.2920792913954934
7,0.7346938775510203,-0.32910286994820354
7,0.7755102040816326,-0.3680539934467799
7,0.8163265306122448,-0.4070652890959514
7,0.8571428571428571,-0.4436050001970031
7,0.8979591836734693,-0.47482663944298026
7,0.9387755102040816,-0.4981176877439494
7,0.9795918367346939,-0.5116674770455418
7,1.0,-0.51453959420074
7,1.0204081632653061,-0.5148329737491709
7,1.0612244897959182,-0.5081710722965054
7,1.1020408163265305,-0.49316761909455875
7,1.1428571428571428,-0.4718132768946236
7,1.183673469387755,-0.44619237234685094
7,1.2244897959183672,-0.41818816829689837
7,1.2653061224489794,-0.38932952874682086
7,1.3061224489795917,-0.36075244180019533
7,1.346938775510204,-0.33323274764910776
7,1.3877551020408163,-0.3072513609016913
7,1.4285714285714284,-0.2830661176992707
7,1.4693877551020407,-0.26077651614604536
7,1.510204081632653,-0.24037606194802397
7,1.5510204081632653,-0.22179171409863058
7,1.5918367346938773,-0.20491210330074822
7,1.6326530612244896,-0.1896068687988541
7,1.673469387755102,-0.1757393801526541
7,1.7142857142857142,-0.16317473555020573
7,1.7551020408163265,-0.15178450039521824
7,1.7959183673469385,-0.141449259448884
7,1.8367346938775508,-0.13205974469989806
7,1.8775510204081631,-0.12351706914967137
7,1.9183673469387754,-0.11573241794828558
7,1.9591836734693877,-0.10862643950377728
7,2.0,-0.10212848265344894
8,0.0,4.9960036107804746e-11
8,0.04081632653061224,-0.010218979651299365
8,0.08163265306122448,-0.02052790954984881
8,0.12244897959183673,-0.031019591051136785
8,0.16326530612244897,-0.04179272434762614
8,0.2040816326530612,-0.05295537234793759
8,0.24489795918367346,-0.06462911210049897
8,0.2857142857142857,-0.07695422874992132
8,0.32653061224489793,-0.09009642775111666
8,0.36734693877551017,-0.10425566189729542
8,0.4081632653061224,-0.11967772119902276
8,0.44897959183673464,-0.1366689645001457
8,0.4897959183673469,-0.15561357214930654
8,0.5306122448979591,-0.1769902254522067
8,0.5714285714285714,-0.20138024419559442
8,0.6122448979591836,-0.22945119379907514
8,0.6530612244897959,-0.26188944954703103
8,0.6938775510204082,-0.29924665984974363
8,0.7346938775510203,-0.3416700018499073
8,0.7755102040816326,-0.38852375829646335
8,0.8163265306122448,-0.43799563219916793
8,0.8571428571428571,-0.4868956747473862
8,0.8979591836734693,-0.5309087556491701
8,0.9387755102040816,-0.5654247040927801
8,0.9795918367346939,-0.5867286017941373
8,1.0,-0.5917733711463625
8,1.0204081632653061,-0.5930201668463705
8,1.0612244897959182,-0.5847642584006489
8,1.1020408163265305,-0.5642747803976337
8,1.1428571428571428,-0.5348542008974321
8,1.183673469387755,-0.49993163819489483
8,1.2244897959183672,-0.4624792980437398
8,1.2653061224489794,-0.4247582541444457
8,1.3061224489795917,-0.3883068223994409
8,1.346938775510204,-0.3540553239510644
8,1.3877551020408163,-0.3224792595991589
8,1.4285714285714284,-0.2937423717522444
8,1.4693877551020407,-0.2678106910996233
8,1.510204081632653,-0.24453522714913084
8,1.5510204081632653,-0.22370802144475727
8,1.5918367346938773,-0.20509808314338435
8,1.6326530612244896,-0.18847318239854954
8,1.673469387755102,-0.1736121869477531
8,1.7142857142857142,-0.16031133534994305
8,1.7551020408163265,-0.14838676330355893
8,1.7959183673469385,-0.13767481429803619
8,1.8367346938775508,-0.1280311223975034
8,1.8775510204081631,-0.1193290737492257
8,1.9183673469387754,-0.11145801704841841
8,1.9591836734693877,-0.10432144175108118
8,2.0,-0.0978352372998067
9,0.0,-9.992007221560949e-11
9,0.04081632653061224,-0.010218979651299365
9,0.08163265306122448,-0.020527909499888773
9,0.12244897959183673,-0.03101959100117675
9,0.16326530612244897,-0.041792724353177255
9,0.2040816326530612,-0.05295537240344874
9,0.24489795918367346,-0.06462911364926009
9,0.2857142857142857,-0.0769542440487946
9,0.32653061224489793,-0.09009653639754185
9,0.36734693877551017,-0.1042562700441616
9,0.4081632653061224,-0.11968052839794051
9,0.44897959183673464,-0.1366800185467126
9,0.4897959183673469,-0.15565164829709657
9,0.5306122448979591,-0.17710708344770834
9,0.5714285714285714,-0.2017041293476238
9,0.6122448979591836,-0.2302697114971344
9,0.6530612244897959,-0.26378767204287384
9,0.6938775510204082,-0.3033007019017767
9,0.7346938775510203,-0.349651143647308
9,0.7755102040816326,-0.4029879730001152
9,0.8163265306122448,-0.4620519212986379
9,0.8571428571428571,-0.5234677168973868
9,0.8979591836734693,-0.5815555785954811
9,0.9387755102040816,-0.6292232619456851
9,0.9795918367346939,-0.6599626187499049
9,1.0,-0.6676689778951197
9,1.0204081632653061,-0.6700465629961252
9,1.0612244897959182,-0.6596318630937099
9,1.1020408163265305,-0.632209222346824
9,1.1428571428571428,-0.5929893066986002
9,1.183673469387755,-0.5472602409925761
9,1.2244897959183672,-0.49936296504743777
9,1.2653061224489794,-0.45234923554941053
9,1.3061224489795917,-0.4080810526969536
9,1.346938775510204,-0.3675100509501832
9,1.3877551020408163,-0.33097205844661803
9,1.4285714285714284,-0.2984263732944015
9,1.4693877551020407,-0.2696255961480809
9,1.510204081632653,-0.24422589149759463
9,1.5510204081632653,-0.22185362854997379
9,1.5918367346938773,-0.20214280335029944
9,1.6326530612244896,-0.1847540944443058
9,1.673469387755102,-0.16938293179891206
9,1.7142857142857142,-0.1557613165993131
9,1.7551020408163265,-0.14365634230145954
9,1.7959183673469385,-0.1328671292479999
9,1.8367346938775508,-0.12322117829896329
9,1.8775510204081631,-0.11457069285161652
9,1.9183673469387754,-0.10678911280189703
9,1.9591836734693877,-0.0997680235475099
9,2.0,-0.0934144419478242
10,0.0,-9.992007221560949e-11
10,0.04081632653061224,-0.010218979751219437
10,0.08163265306122448,-0.02052790954984881
10,0.12244897959183673,-0.031019590951216713
10,0.16326530612244897,-0.041792724353177255
10,0.2040816326530612,-0.05295537254777773
10,0.24489795918367346,-0.06462911374918016
10,0.2857142857142857,-0.07695424545322672
10,0.32653061224489793,-0.09009654945376462
10,0.36734693877551017,-0.10425636315301556
10,0.4081632653061224,-0.11968105885139944
10,0.44897959183673464,-0.13668254839526547
10,0.4897959183673469,-0.15566203474990545
10,0.5306122448979591,-0.1771445611464303
10,0.5714285714285714,-0.20182485914600376
10,0.6122448979591836,-0.2306208645981735
10,0.6530612244897959,-0.26471695699741055
10,0.6938775510204082,-0.30554807299653874
10,0.7346938775510203,-0.35462394734942776
10,0.7755102040816326,-0.4130367419447753
10,0.8163265306122448,-0.48050970360110035
10,0.8571428571428571,-0.5540820769442184
10,0.8979591836734693,-0.6270910024434025
10,0.9387755102040816,-0.6896677548450585
10,0.9795918367346939,-0.7315408861904108
10,1.0,-0.7424038657451106
10,1.0204081632653061,-0.7460651557495952
10,1.0612244897959182,-0.7327884530457807
10,1.1020408163265305,-0.696844046999976
10,1.1428571428571428,-0.6461028900463933
10,1.183673469387755,-0.5882771984950005
10,1.2244897959183672,-0.5292966420454589
10,1.2653061224489794,-0.4729600372479594
10,1.3061224489795917,-0.42128860694713893
10,1.346938775510204,-0.3750745964456867
10,1.3877551020408163,-0.3343669920475045
10,1.4285714285714284,-0.298819344350095
10,1.4693877551020407,-0.2679099738483116
10,1.510204081632653,-0.24106910604790588
10,1.5510204081632653,-0.21774585599733678
10,1.5918367346938773,-0.19743929064878757
10,1.6326530612244896,-0.17970934124860125
10,1.673469387755102,-0.16417717684961278
10,1.7142857142857142,-0.15052054754728572
10,1.7551020408163265,-0.1384671715472884
10,1.7959183673469385,-0.12778774969773415
10,1.8367346938775508,-0.11828937415059526
10,1.8775510204081631,-0.10980966824930775
10,1.9183673469387754,-0.10221174005164632
10,1.9591836734693877,-0.09537990549805773
10,2.0,-0.08921613324716476
11,0.0,-9.992007221560949e-11
11,0.04081632653061224,-0.010218979501419256
11,0.08163265306122448,-0.020527909499888773
11,0.12244897959183673,-0.031019591051136785
11,0.16326530612244897,-0.04179272430321722
11,0.2040816326530612,-0.05295537244785766
11,0.24489795918367346,-0.06462911370477124
11,0.2857142857142857,-0.07695424569747579
11,0.32653061224489793,-0.09009655100252574
11,0.36734693877551017,-0.10425637704745672
11,0.4081632653061224,-0.1196811576501464
11,0.44897959183673464,-0.13668311939406924
11,0.4897959183673469,-0.1556648268997501
11,0.5306122448979591,-0.17715640264643298
11,0.5714285714285714,-0.20186917769483426
11,0.6122448979591836,-0.2307691607957166
11,0.6530612244897959,-0.26516462879703806
11,0.6938775510204082,-0.30677385979637184
11,0.7346938775510203,-0.3576736278464326
11,0.7755102040816326,-0.41991660199305575
11,0.8163265306122448,-0.4944993924972186
11,0.8571428571428571,-0.5794863361958453
11,0.8979591836734693,-0.667843335145978
11,0.9387755102040816,-0.7468857903432022
11,0.9795918367346939,-0.801595344291106
11,1.0,-0.8161165863442669
11,1.0204081632653061,-0.8211912471469177
11,1.0612244897959182,-0.8042195016436154
11,1.1020408163265305,-0.7580622270914348
11,1.1428571428571428,-0.694158574394592
11,1.183673469387755,-0.6232200192982901
11,1.2244897959183672,-0.5528836945453558
11,1.2653061224489794,-0.4875385866488759
11,1.3061224489795917,-0.4291314058518434
11,1.346938775510204,-0.3780937141959139
11,1.3877551020408163,-0.33405121109611896
11,1.4285714285714284,-0.29627436419571634
11,1.4693877551020407,-0.26393195029888195
11,1.510204081632653,-0.2362188694966584
11,1.5510204081632653,-0.21241167404844785
11,1.5918367346938773,-0.1918857074499544
11,1.6326530612244896,-0.17411350330006914
11,1.673469387755102,-0.15865513164799316
11,1.7142857142857142,-0.14514598534925263
11,1.7551020408163265,-0.1332846426496265
11,1.7959183673469385,-0.12282191924814528
11,1.8367346938775508,-0.11355148629913486
11,1.8775510204081631,-0.1053020355988628
11,1.9183673469387754,-0.09793085134981686
11,1.9591836734693877,-0.09131857709949859
11,2.0,-0.08536498159960745
12,0.0,-4.9960036107804746e-11
12,0.04081632653061224,-0.010218979751219437
12,0.08163265306122448,-0.020527909499888773
12,0.12244897959183673,-0.031019591051136785
12,0.16326530612244897,-0.04179272430321722
12,0.2040816326530612,-0.052955372397897625
12,0.24489795918367346,-0.06462911390461139
12,0.2857142857142857,-0.07695424569747579
12,0.32653061224489793,-0.09009655110244581
12,0.36734693877551017,-0.10425637905140928
12,0.4081632653061224,-0.11968117564686163
12,0.44897959183673464,-0.1366832467477524
12,0.4897959183673469,-0.15566556905053536
12,0.5306122448979591,-0.17716010004992747
12,0.5714285714285714,-0.2018852495997522
12,0.6122448979591836,-0.2308310071515306
12,0.6530612244897959,-0.26537752199455206
12,0.6938775510204082,-0.3074336817989586
12,0.7346938775510203,-0.35951942814791255
12,0.7755102040816326,-0.42456810170065606
12,0.8163265306122448,-0.5049869343487725
12,0.8571428571428571,-0.600394655543798
12,0.8979591836734693,-0.7041470982470044
12,0.9387755102040816,-0.8009893740948665
12,0.9795918367346939,-0.8702299546968383
12,1.0,-0.8889179727464332
12,1.0204081632653061,-0.8955133573959226
12,1.0612244897959182,-0.8738925592442418
12,1.1020408163265305,-0.8157676634425862
12,1.1428571428571428,-0.7371992269474269
12,1.183673469387755,-0.652436441396398
12,1.2244897959183672,-0.5708109191500463
12,1.2653061224489794,-0.49703835940058905
12,1.3061224489795917,-0.4327150560006728
12,1.346938775510204,-0.37771659699733634
12,1.3877551020408163,-0.3311362175967792
12,1.4285714285714284,-0.29181419069854503
12,1.4693877551020407,-0.25859941514658097
12,1.510204081632653,-0.23045973004802722
12,1.5510204081632653,-0.2065149597483067
12,1.5918367346938773,-0.1860342096498016
12,1.6326530612244896,-0.1684189312473119
12,1.673469387755102,-0.15318214879777703
12,1.7142857142857142,-0.13992846419805172
12,1.7551020408163265,-0.12833657149962396
12,1.7959183673469385,-0.11814469044946524
12,1.8367346938775508,-0.10913872945034875
12,1.8775510204081631,-0.10114281334894579
12,1.9183673469387754,-0.09401175234896059
12,1.9591836734693877,-0.08762507339941432
12,2.0,-0.08188228929841482
13,0.0,3.4972025275463323e-10
13,0.04081632653061224,-0.010218979551379292
13,0.08163265306122448,-0.02052790954984881
13,0.12244897959183673,-0.03101959110109682
13,0.16326530612244897,-0.04179272430321722
13,0.2040816326530612,-0.05295537254777773
13,0.24489795918367346,-0.06462911345497106
13,0.2857142857142857,-0.07695424534775554
13,0.32653061224489793,-0.09009655115240585
13,0.36734693877551017,-0.10425637965092971
13,0.4081632653061224,-0.11968117879434391
13,0.44897959183673464,-0.13668327509729733
13,0.4897959183673469,-0.1556657644497877
13,0.5306122448979591,-0.17716124334649597
13,0.5714285714285714,-0.20189102065005646
13,0.6122448979591836,-0.23085653829539615
13,0.6530612244897959,-0.26547770440136614
13,0.6938775510204082,-0.3077850242485345
13,0.7346938775510203,-0.36062435865055426
13,0.7755102040816326,-0.42767931594797787
13,0.8163265306122448,-0.5127727260434136
13,0.8571428571428571,-0.6174715400446078
13,0.8979591836734693,-0.7363409272938604
13,0.9387755102040816,-0.8520819047452521
13,0.9795918367346939,-0.9375282232986979
13,1.0,-0.9608984891433024
13,1.0204081632653061,-0.9691003868986597
13,1.0612244897959182,-0.9417647550907158
13,1.1020408163265305,-0.8698915336445477
13,1.1428571428571428,-0.7753404932480389
13,1.183673469387755,-0.6763530279463403
13,1.2244897959183672,-0.5837950548998662
13,1.2653061224489794,-0.5023598452969354
13,1.3061224489795917,-0.43300517719995757
13,1.346938775510204,-0.374881944398595
13,1.3877551020408163,-0.3264769881972923
13,1.4285714285714284,-0.28618284924987336
13,1.4693877551020407,-0.2525384837981479
13,1.510204081632653,-0.2243049583973993
13,1.5510204081632653,-0.20046731529645653
13,1.5918367346938773,-0.18020826079871613
13,1.6326530612244896,-0.16287464389867934
13,1.673469387755102,-0.1479455172971622
13,1.7142857142857142,-0.13500478510031597
13,1.7551020408163265,-0.1237189135491978
13,1.7959183673469385,-0.11381925135093104
13,1.8367346938775508,-0.1050882146490294
13,1.8775510204081631,-0.09734851369949733
13,1.9183673469387754,-0.09045480854837501
13,1.9591836734693877,-0.08428720130127258
13,2.0,-0.07874620150065163
14,0.0,-5.99520433293657e-10
14,0.04081632653061224,-0.010218979851139509
14,0.08163265306122448,-0.0205279093999687
14,0.12244897959183673,-0.031019590551536424
14,0.16326530612244897,-0.04179272440313729
14,0.2040816326530612,-0.05295537269765784
14,0.24489795918367346,-0.06462911369922013
14,0.2857142857142857,-0.07695424579739586
14,0.32653061224489793,-0.09009655129673484
14,0.36734693877551017,-0.10425637970088975
14,0.4081632653061224,-0.11968117979909575
14,0.44897959183673464,-0.13668328079829256
14,0.4897959183673469,-0.15566581504820204
14,0.5306122448979591,-0.17716159434905632
14,0.5714285714285714,-0.20189307585051072
14,0.6122448979591836,-0.23086698924661164
14,0.6530612244897959,-0.26552443935060976
14,0.6938775510204082,-0.30797042845163464
14,0.7346938775510203,-0.3612796971451317
14,0.7755102040816326,-0.42974114310141887
14,0.8163265306122448,-0.5185030198939127
14,0.8571428571428571,-0.6313207880928869
14,0.8979591836734693,-0.7647636028956654
14,0.9387755102040816,-0.9002625727446564
14,0.9795918367346939,-1.0035583290425067
14,1.0,-1.0321332340955776
14,1.0204081632653061,-1.0420064940939737
14,1.0612244897959182,-1.0077880092929683
14,1.1020408163265305,-0.9203954013931802
14,1.1428571428571428,-0.8087605633924385
14,1.183673469387755,-0.6954449523487408
14,1.2244897959183672,-0.592541601842082
14,1.2653061224489794,-0.5043158315920772
14,1.3061224489795917,-0.43081342429580377
14,1.346938775510204,-0.3703308205486197
14,1.3877551020408163,-0.3207106256459897
14,1.4285714285714284,-0.27990495245028096
14,1.4693877551020407,-0.2461669693488127
14,1.510204081632653,-0.21807798684793453
14,1.5510204081632653,-0.19451239454832095
14,1.5918367346938773,-0.17458602389771571
14,1.6326530612244896,-0.15760614724865674
14,1.673469387755102,-0.14302906514902072
14,1.7142857142857142,-0.1304261925480281
14,1.7551020408163265,-0.11945770479948059
14,1.7959183673469385,-0.10985235555022375
14,1.8367346938775508,-0.10139209594906184
14,1.8775510204081631,-0.0939003758492717
14,1.9183673469387754,-0.08723321299973247
14,1.9591836734693877,-0.08127236459878387
14,2.0,-0.07592005659923463
15,0.0,-1.4988010832341423e-09
15,0.04081632653061224,-0.010218979501419256
15,0.08163265306122448,-0.020527909000288412
15,0.12244897959183673,-0.031019590901256677
15,0.16326530612244897,-0.04179272405341704
15,0.2040816326530612,-0.05295537269765784
15,0.24489795918367346,-0.06462911390461139
15,0.2857142857142857,-0.07695424564751575
15,0.32653061224489793,-0.0900965516464551
15,0.36734693877551017,-0.10425637995068993
15,0.4081632653061224,-0.11968117954929557
15,0.44897959183673464,-0.13668328204729346
15,0.4897959183673469,-0.15566582889823427
15,0.5306122448979591,-0.17716170109700013
15,0.5714285714285714,-0.20189380234715135
15,0.6122448979591836,-0.23087123704872167
15,0.6530612244897959,-0.2655460817995537
15,0.6938775510204082,-0.3080675275026558
15,0.7346938775510203,-0.3616653463465912
15,0.7755102040816326,-0.43109670055103266
15,0.8163265306122448,-0.5226883444474814
15,0.8571428571428571,-0.6424796276951571
15,0.8979591836734693,-0.7897494483492415
15,0.9387755102040816,-0.9456290929959144
15,0.9795918367346939,-1.068376727696103
15,1.0,-1.102685457741718
15,1.0204081632653061,-1.1142745190466927
15,1.0612244897959182,-1.0719127587418273
15,1.1020408163265305,-0.967272039991465
15,1.1428571428571428,-0.8376880976435708
15,1.183673469387755,-0.7102095114961506
15,1.2244897959183672,-0.5977161392961261
15,1.2653061224489794,-0.5036153257470847
15,1.3061224489795917,-0.42680220089794835
15,1.346938775510204,-0.3646326909971225
15,1.3877551020408163,-0.31429949349586805
15,1.4285714285714284,-0.27334008424571793
15,1.4693877551020407,-0.23975450414835425
15,1.510204081632653,-0.21197389259847063
15,1.5510204081632653,-0.1887855902980973
15,1.5918367346938773,-0.16925627174979724
15,1.6326530612244896,-0.152666464449779
15,1.673469387755102,-0.13845881269756496
15,1.7142857142857142,-0.12619859250024326
15,1.7551020408163265,-0.11554409519922504
15,1.7959183673469385,-0.10622448380001391
15,1.8367346938775508,-0.09802330479749165
15,1.8775510204081631,-0.09076614224885972
15,1.9183673469387754,-0.08431130814834653
15,1.9591836734693877,-0.07854280370204918
15,2.0,-0.07336498449813332
16,0.0,-6.994405055092665e-10
16,0.04081632653061224,-0.010218979551379292
16,0.08163265306122448,-0.0205279093999687
16,0.12244897959183673,-0.031019591300936965
16,0.16326530612244897,-0.04179272465293747
16,0.2040816326530612,-0.05295537294745802
16,0.24489795918367346,-0.06462911435425171
16,0.2857142857142857,-0.07695424634695626
16,0.32653061224489793,-0.09009655044741423
16,0.36734693877551017,-0.10425638000064996
16,0.4081632653061224,-0.11968118039861618
16,0.44897959183673464,-0.13668328204729346
16,0.4897959183673469,-0.15566583164603626
16,0.5306122448979591,-0.1771617330936277
16,0.5714285714285714,-0.20189405724880669
16,0.6122448979591836,-0.2308729539531181
16,0.6530612244897959,-0.2655560419933345
16,0.6938775510204082,-0.30811805359707495
16,0.7346938775510203,-0.36189077424516
16,0.7755102040816326,-0.43198180614539944
16,0.8163265306122448,-0.5257246310473838
16,0.8571428571428571,-0.6514173017959158
16,0.8979591836734693,-0.8116238166435816
16,0.9387755102040816,-0.9882793334405542
16,0.9795918367346939,-1.1320307521415442
16,1.0,-1.172609090142141
16,1.0204081632653061,-1.1859384422419095
16,1.0612244897959182,-1.1340906570936982
16,1.1020408163265305,-1.0105446069930546
16,1.1428571428571428,-0.8623896936953548
16,1.183673469387755,-0.7211445752949793
16,1.2244897959183672,-0.5999266618944121
16,1.2653061224489794,-0.5008605678475325
16,1.3061224489795917,-0.4214994990481422
16,1.346938775510204,-0.3582153553481751
16,1.3877551020408163,-0.307571145597635
16,1.4285714285714284,-0.26672765014826416
16,1.4693877551020407,-0.23346829890038817
16,1.510204081632653,-0.20610327089863192
16,1.5510204081632653,-0.18335442189978185
16,1.5918367346938773,-0.16425448205074164
16,1.6326530612244896,-0.1480676811484186
16,1.673469387755102,-0.13423005895042187
16,1.7142857142857142,-0.1223054857494058
16,1.7551020408163265,-0.1119534768493795
16,1.7959183673469385,-0.10290566189940262
16,1.8367346938775508,-0.09494850449702744
16,1.8775510204081631,-0.08791055014998468
16,1.9183673469387754,-0.08165291834840514
16,1.9591836734693877,-0.07606218724815059
16,2.0,-0.07104499694885555
17,0.0,-6.100675520275268e-09
17,0.04081632653061224,-0.010218979551379292
17,0.08163265306122448,-0.02052790979964899
17,0.12244897959183673,-0.03101959125097693
17,0.16326530612244897,-0.041792725002657724
17,0.2040816326530612,-0.05295537229797755
17,0.24489795918367346,-0.06462911359930006
17,0.2857142857142857,-0.07695424464831503
17,0.32653061224489793,-0.09009655064725437
17,0.36734693877551017,-0.10425638030041018
17,0.4081632653061224,-0.11968117860005488
17,0.44897959183673464,-0.13668328170312433
17,0.4897959183673469,-0.15566583330026856
17,0.5306122448979591,-0.1771617439960178
17,0.5714285714285714,-0.2018941472989962
17,0.6122448979591836,-0.23087364354594536
17,0.6530612244897959,-0.26556060094654943
17,0.6938775510204082,-0.30814419734535214
17,0.7346938775510203,-0.36202178740103874
17,0.7755102040816326,-0.4325562858980531
17,0.8163265306122448,-0.5279141876944725
17,0.8571428571428571,-0.6585370783475254
17,0.8979591836734693,-0.8306991116980835
17,0.9387755102040816,-1.0283122010944858
17,0.9795918367346939,-1.1945605345375379
17,1.0,-1.2419506207424729
17,1.0204081632653061,-1.2570252239913844
17,1.0612244897959182,-1.1942765471927883
17,1.1020408163265305,-1.050264665396264
17,1.1428571428571428,-0.883157870745542
17,1.183673469387755,-0.728732214545169
17,1.2244897959183672,-0.5997146647967591
17,1.2653061224489794,-0.4965522733486271
17,1.3061224489795917,-0.4153179585964498
17,1.346938775510204,-0.3513937073989243
17,1.3877551020408163,-0.30075203264559625
17,1.4285714285714284,-0.2602216712482447
17,1.4693877551020407,-0.22740637615054973
17,1.510204081632653,-0.20052248559811664
17,1.5510204081632653,-0.17824509964841995
17,1.5918367346938773,-0.15958553369783504
17,1.6326530612244896,-0.14379992584928777
17,1.673469387755102,-0.13032301594743223
17,1.7142857142857142,-0.118720639099345
17,1.7551020408163265,-0.10865565484780998
17,1.7959183673469385,-0.0998634720493893
17,1.8367346938775508,-0.09213425800009427
17,1.8775510204081631,-0.0852999789491234
17,1.9183673469387754,-0.07922481784720382
17,1.9591836734693877,-0.07379804129966032
17,2.0,-0.06892861414930314
18,0.0,1.7646994976301253e-08
18,0.04081632653061224,-0.01021897924606796
18,0.08163265306122448,-0.020527908300847907
18,0.12244897959183673,-0.03101959150077711
18,0.16326530612244897,-0.04179272430321722
18,0.2040816326530612,-0.05295537475157044
18,0.24489795918367346,-0.06462911344941995
18,0.2857142857142857,-0.07695424629699622
18,0.32653061224489793,-0.09009655069721441
18,0.36734693877551017,-0.10425638055021036
18,0.4081632653061224,-0.11968117909965524
18,0.44897959183673464,-0.13668328335180552
18,0.4897959183673469,-0.15566583300050835
18,0.5306122448979591,-0.17716174575017019
18,0.5714285714285714,-0.20189417895145464
18,0.6122448979591836,-0.2308739184482685
18,0.6530612244897959,-0.26556267905090464
18,0.6938775510204082,-0.30815766174716774
18,0.7346938775510203,-0.3620975469496727
18,0.7755102040816326,-0.4329272151464785
18,0.8163265306122448,-0.5294847749991178
18,0.8571428571428571,-0.6641806339481091
18,0.8979591836734693,-0.8472715497975796
18,0.9387755102040816,-1.065828012590487
18,0.9795918367346939,-1.256000447438886
18,1.0,-1.3107505001910997
18,1.0204081632653061,-1.3275561595939749
18,1.0612244897959182,-1.252429898793272
18,1.1020408163265305,-1.0865094331942036
18,1.1428571428571428,-0.9003001879389488
18,1.183673469387755,-0.7334271563415842
18,1.2244897959183672,-0.5975526695972389
18,1.2653061224489794,-0.4910994387481461
18,1.3061224489795917,-0.4085745245464446
18,1.346938775510204,-0.3443949524955723
18,1.3877551020408163,-0.2939944115967932
18,1.4285714285714284,-0.25391670519903287
18,1.4693877551020407,-0.22162105279687455
18,1.510204081632653,-0.19525397629987823
18,1.5510204081632653,-0.17345954379963274
18,1.5918367346938773,-0.15523764305034768
18,1.6326530612244896,-0.1398425713468874
18,1.673469387755102,-0.12671161019800736
18,1.7142857142857142,-0.11541487089852139
18,1.7551020408163265,-0.10561994229704914
18,1.7959183673469385,-0.09706678369905933
18,1.8367346938775508,-0.08954969690163804
18,1.8775510204081631,-0.08290427790048716
18,1.9183673469387754,-0.07699784235154011
18,1.9591836734693877,-0.07172233170102602
18,2.0,-0.06698899959978712
19,0.0,8.099076964587458e-09
19,0.04081632653061224,-0.010218979251619076
19,0.08163265306122448,-0.020527907595856286
19,0.12244897959183673,-0.031019593349298446
19,0.16326530612244897,-0.04179272405341704
19,0.2040816326530612,-0.052955374251970076
19,0.24489795918367346,-0.06462911274442833
19,0.2857142857142857,-0.07695424669667651
19,0.32653061224489793,-0.09009655129673484
19,0.36734693877551017,-0.10425637960096967
19,0.4081632653061224,-0.11968118175308827
19,0.44897959183673464,-0.1366832820972535
19,0.4897959183673469,-0.15566583300050835
19,0.5306122448979591,-0.17716174505072968
19,0.5714285714285714,-0.20189418949857338
19,0.6122448979591836,-0.23087402924852635
19,0.6530612244897959,-0.2655636227460267
19,0.6938775510204082,-0.3081645693438846
19,0.7346938775510203,-0.3621411713981705
19,0.7755102040816326,-0.43316561710021073
19,0.8163265306122448,-0.5306060626507281
19,0.8571428571428571,-0.668633863993911
19,0.8979591836734693,-0.8616187479436774
19,0.9387755102040816,-1.1009285104429707
19,0.9795918367346939,-1.3163802175389177
19,1.0,-1.3790442202364501
19,1.0204081632653061,-1.3975479396929928
19,1.0612244897959182,-1.308515831041389
19,1.1020408163265305,-1.1193785375933571
19,1.1428571428571428,-0.9141298579924472
19,1.183673469387755,-0.7356494248940794
19,1.2244897959183672,-0.5938461260473991
19,1.2653061224489794,-0.48483108369650096
19,1.3061224489795917,-0.4015087168464446
19,1.346938775510204,-0.33737953589797387
19,1.3877551020408163,-0.2873970678477546
19,1.4285714285714284,-0.24786669424851904
19,1.4693877551020407,-0.21613510854803744
19,1.510204081632653,-0.19029964154912657
19,1.5510204081632653,-0.16898611419791415
19,1.5918367346938773,-0.15119075224735196
19,1.6326530612244896,-0.13617062490000773
19,1.673469387755102,-0.12336822804911665
19,1.7142857142857142,-0.11235948734959698
19,1.7551020408163265,-0.10281754459983505
19,1.7959183673469385,-0.09448732464716608
19,1.8367346938775508,-0.08716743669866038
19,1.8775510204081631,-0.0806971518990938
19,1.9183673469387754,-0.07494689075133482
19,1.9591836734693877,-0.06981119370040652
19,2.0,-0.06520352190077544
