L,g,h,PBC,long_mag,E_0,E_1,E_2,tran_mag,broken_mag
3,0.2,0.001,True,0.706174070809378,-3.03427322874012,-3.02586281028564,0.633028993071576,-0.110738424808361,0.994285275273779
3,0.2,0.0014384498882876629,True,0.818922382299319,-3.03528420301441,-3.02485185302286,0.6330276193292,-0.108709105141358,0.994420800583599
3,0.2,0.00206913808111479,True,0.897074635529657,-3.0369175999504,-3.02321849128608,0.633024776881798,-0.106685321509304,0.994556315529147
3,0.2,0.002976351441631319,True,0.94384500010414,-3.03943263151329,-3.02070353255537,0.633018895530956,-0.104930425354036,0.994674455503444
3,0.2,0.004281332398719396,True,0.969240307386226,-3.04318573749845,-3.01695057727078,0.633006726483623,-0.103532171556046,0.994769585795725
3,0.2,0.006158482110660267,True,0.982277785694303,-3.04868703340256,-3.01144959318996,0.63298154824156,-0.10245442846125,0.99484439263552
3,0.2,0.008858667904100823,True,0.988779303170724,-3.05667500477467,-3.00346226703635,0.632929456106487,-0.101613663320202,0.994904834058472
3,0.2,0.012742749857031334,True,0.991981263763621,-3.06821846373275,-2.99192014318017,0.632821692215049,-0.10092010996415,0.994957448405542
3,0.2,0.018329807108324356,True,0.993558902842515,-3.08486077797953,-2.9752805916823,0.63259880763788,-0.100289805108779,0.99500861096578
3,0.2,0.026366508987303583,True,0.99435109861612,-3.10882676390167,-2.95132032329148,0.632138029433989,-0.0996431334439105,0.995064697050122
3,0.2,0.0379269019073225,True,0.994772885816656,-3.14332048191007,-2.91683844002496,0.631186324432855,-0.0988985506345366,0.995132565091341
3,0.2,0.05455594781168517,True,0.995030562789663,-3.1929540787316,-2.86722934969786,0.629224369082121,-0.0979648789825917,0.995220107496382
3,0.2,0.07847599703514611,True,0.995229534575986,-3.26436533216865,-2.79586888422034,0.625195332164158,-0.0967334875841348,0.995336724934025
3,0.2,0.11288378916846883,True,0.995427244308688,-3.36710694227948,-2.69323270878141,0.616984834347928,-0.0950714746691793,0.99549354332345
3,0.2,0.1623776739188721,True,0.995658446261538,-3.51492725083415,-2.54563206558755,0.600499691544245,-0.0928178894068513,0.99570306827086
3,0.2,0.23357214690901212,True,0.99594620174146,-3.72761481131194,-2.33340565084599,0.568275349982404,-0.0897867091731493,0.995977818028027
3,0.2,0.3359818286283781,True,0.996304926078108,-4.0336549263987,-2.02834981695131,0.507949335461907,-0.0857821440380506,0.996327431195053
3,0.2,0.4832930238571752,True,0.996738696518787,-4.47405450018983,-1.59013469746495,0.401494729824821,-0.0806323246346601,0.99675408825016
3,0.2,0.6951927961775606,True,0.997237390845409,-5.10784582692874,-0.961787031366839,0.225790129298298,-0.0742436192941295,0.997247150794727
3,0.2,1.0,True,0.997774050231219,-6.01999999944814,-0.121126918253113,-0.0198039027185573,-0.066666659320803,0.997779642193667
3,0.2777777777777778,0.001,True,0.350708128739813,-3.06648556903449,-3.04971488299,0.51038538809864,-0.165809226330261,0.987876514895509
3,0.2777777777777778,0.0014384498882876629,True,0.47370458480366,-3.06703030919093,-3.04917017716863,0.510384384709251,-0.16420148344047,0.988025256455989
3,0.2777777777777778,0.00206913808111479,True,0.610753876451862,-3.06806333037637,-3.0481372270273,0.51038230856412,-0.161631428721354,0.988263211799452
3,0.2777777777777778,0.002976351441631319,True,0.740703781550676,-3.06991747356163,-3.04628323084251,0.510378012759118,-0.158134404864836,0.98858750308947
3,0.2777777777777778,0.004281332398719396,True,0.842769075016036,-3.0730403904284,-3.0431606181417,0.510369124256495,-0.154181059649562,0.988955275069541
3,0.2777777777777778,0.006158482110660267,True,0.910043400831698,-3.07800279721019,-3.03819884072851,0.510350733192853,-0.150401812268256,0.989309082606912
3,0.2777777777777778,0.008858667904100823,True,0.948923728234929,-3.085557232025,-3.03064570819526,0.510312681578766,-0.147187354297336,0.989613750486605
3,0.2777777777777778,0.012742749857031334,True,0.96961615296961,-3.09675525980064,-3.01945037515279,0.510233956249834,-0.144602271081487,0.989864439824808
3,0.2777777777777778,0.018329807108324356,True,0.980150757643958,-3.11311077936205,-3.00310043193498,0.51007109996577,-0.142520344869869,0.990074317054959
3,0.2777777777777778,0.026366508987303583,True,0.985419911313599,-3.13681692215394,-2.97940582980343,0.509734287317172,-0.140750637118854,0.99026307928519
3,0.2777777777777778,0.0379269019073225,True,0.988073173119167,-3.17104631531853,-2.94520032629424,0.509038056780234,-0.139093013781679,0.990451967926337
3,0.2777777777777778,0.05455594781168517,True,0.989470269986743,-3.22037883623498,-2.89591728113001,0.507600363577371,-0.137348474328908,0.990662884843733
3,0.2777777777777778,0.07847599703514611,True,0.990296136008806,-3.29141690390697,-2.8249817779341,0.504637895585496,-0.135311274311723,0.990919013124528
3,0.2777777777777778,0.11288378916846883,True,0.990898400191515,-3.39367253101719,-2.72293920047236,0.498559885189916,-0.132757064814499,0.991245424231332
3,0.2777777777777778,0.1623776739188721,True,0.991459366140938,-3.54084668495469,-2.57620948383221,0.486196845315831,-0.129434666422708,0.99166864432644
3,0.2777777777777778,0.23357214690901212,True,0.99207893459013,-3.75267448815358,-2.36531725439113,0.461462276369941,-0.125068030062873,0.992214184966932
3,0.2777777777777778,0.3359818286283781,True,0.992810781786491,-4.05758590062314,-2.06241518684475,0.413423552720337,-0.119376080603376,0.992901114602313
3,0.2777777777777778,0.4832930238571752,True,0.993674039337307,-4.4965398270524,-1.62799066341524,0.324493635647029,-0.112118010846964,0.993733492957915
3,0.2777777777777778,0.6951927961775606,True,0.994653595809626,-5.12854277692065,-1.00784903868896,0.171180116613347,-0.103165987641332,0.994690512842666
3,0.2777777777777778,1.0,True,0.995699358533074,-6.03858023931953,-0.221848548840913,-0.0378634273483003,-0.0925925199248667,0.995720288408264
3,0.35555555555555557,0.001,True,0.176452528525122,-3.11179984437873,-3.07890582104316,0.400421152923783,-0.222920391490407,0.978914789311676
3,0.35555555555555557,0.0014384498882876629,True,0.249561504979821,-3.1120804296691,-3.07862529479334,0.400420364637758,-0.222172883137124,0.979003179305437
3,0.35555555555555557,0.00206913808111479,True,0.347232601681606,-3.11264655338406,-3.0780592932416,0.400418733568293,-0.220737619144927,0.979172946060896
3,0.35555555555555557,0.002976351441631319,True,0.469199470188498,-3.11376275814985,-3.07694334124916,0.400415358673924,-0.218163071286764,0.979477662425352
3,0.35555555555555557,0.004281332398719396,True,0.605304952998992,-3.11588055640482,-3.0748260660205,0.400408375609574,-0.214037144578149,0.979966622289276
3,0.35555555555555557,0.006158482110660267,True,0.734616040498931,-3.119684266654,-3.07102343799927,0.400393926933971,-0.208400433118624,0.980636352016103
3,0.35555555555555557,0.008858667904100823,True,0.836399401927073,-3.12609527759736,-3.0646146663962,0.400364031694052,-0.201988468903927,0.981402126192654
3,0.35555555555555557,0.012742749857031334,True,0.903626724046536,-3.13628851818515,-3.05442605957481,0.400302178873591,-0.195797156546506,0.982149024990487
3,0.35555555555555557,0.018329807108324356,True,0.942566256672414,-3.15181257181018,-3.03891159497487,0.400174216359607,-0.190439179943467,0.982807712253714
3,0.35555555555555557,0.026366508987303583,True,0.963367062269667,-3.17483086429544,-3.01591314831475,0.399909527735058,-0.185997607438019,0.983371922907556
3,0.35555555555555557,0.0379269019073225,True,0.974051393132129,-3.2084585891091,-2.98232650785846,0.399362207391023,-0.182238619646756,0.983873745538754
3,0.35555555555555557,0.05455594781168517,True,0.97952358106028,-3.25721070455664,-2.93365949000742,0.398231250241043,-0.178812500762202,0.984360143050728
3,0.35555555555555557,0.07847599703514611,True,0.982452402911148,-3.32762291072513,-2.86342374246743,0.395897633529141,-0.175342972676877,0.984882268493731
3,0.35555555555555557,0.11288378916846883,True,0.984219816427253,-3.42913786922439,-2.7622755416531,0.39109653093851,-0.171446789324519,0.985492317864315
3,0.35555555555555557,0.1623776739188721,True,0.985532742058716,-3.57538262598724,-2.6167968046907,0.381277336431111,-0.166730222736788,0.986241918731476
3,0.35555555555555557,0.23357214690901212,True,0.986754999424306,-3.78601402968425,-2.407782157934,0.361430212618325,-0.160789955564196,0.98717821544715
3,0.35555555555555557,0.3359818286283781,True,0.988070358408373,-4.08938432992167,-2.10790444550551,0.322208133215543,-0.15323515291091,0.988335407109233
3,0.35555555555555557,0.4832930238571752,True,0.989554335517243,-4.52638694758435,-1.67888515902387,0.247828679867257,-0.143741614754348,0.98972140621062
3,0.35555555555555557,0.6951927961775606,True,0.991201589471236,-5.15599393289087,-1.07099462431679,0.117699721332591,-0.132139544108602,0.991302745360206
3,0.35555555555555557,1.0,True,0.992938989132905,-6.06320982227165,-0.342443099240157,-0.0613292387786272,-0.118518113637389,0.992995588943287
3,0.43333333333333335,0.001,True,0.0989428886947119,-3.17065736072914,-3.11297518848999,0.303841298154769,-0.28182572635884,0.967331181299427
3,0.43333333333333335,0.0014384498882876629,True,0.141548203713192,-3.17081560228308,-3.11281703867729,0.303840658862901,-0.281468992933808,0.967382513579279
3,0.43333333333333335,0.00206913808111479,True,0.201356649625095,-3.17114031617464,-3.11249251461134,0.303839336081784,-0.280748812480314,0.96748615930256
3,0.43333333333333335,0.002976351441631319,True,0.283262788341975,-3.171801036974,-3.11183218658872,0.303836599073714,-0.27933069404275,0.967690310982184
3,0.43333333333333335,0.004281332398719396,True,0.390252069182815,-3.17312394042037,-3.11051009585739,0.303830935863357,-0.276667862074708,0.968073887206811
3,0.43333333333333335,0.006158482110660267,True,0.518740324036366,-3.17569768650693,-3.107938031415,0.303819218058714,-0.272071227109757,0.968736855374547
3,0.43333333333333335,0.008858667904100823,True,0.653888034182233,-3.18048323502845,-3.10315596255256,0.30379497298603,-0.265114759500966,0.969742719475557
3,0.43333333333333335,0.012742749857031334,True,0.773128054056474,-3.18886505704629,-3.09478134087976,0.303744809507348,-0.256247511629466,0.971031326621183
3,0.43333333333333335,0.018329807108324356,True,0.860326993815129,-3.20264753469856,-3.08101376366234,0.303641026861918,-0.246781677921884,0.972420411643326
3,0.43333333333333335,0.026366508987303583,True,0.914708616057045,-3.22414369066198,-3.05954844700894,0.303426339815767,-0.237985503959503,0.973734919446088
3,0.43333333333333335,0.0379269019073225,True,0.945147223337275,-3.25648042345093,-3.02727556037871,0.302982351892453,-0.230382611972613,0.97490725163401
3,0.43333333333333335,0.05455594781168517,True,0.961252447409232,-3.30410005509126,-2.97978818698687,0.302064659486341,-0.223820768759178,0.975967823440032
3,0.43333333333333335,0.07847599703514611,True,0.969713364456378,-3.37343299518734,-2.91072955982001,0.300170009764796,-0.217814817674469,0.976996010478078
3,0.43333333333333335,0.11288378916846883,True,0.974403052402077,-3.47380807064383,-2.81092489318532,0.296267513739645,-0.211774041247394,0.978086481804134
3,0.43333333333333335,0.1623776739188721,True,0.977387243200409,-3.6187368051103,-2.6671886984303,0.288267948422723,-0.205091428856543,0.979333391065036
3,0.43333333333333335,0.23357214690901212,True,0.979730080902891,-3.82776121845044,-2.4606864753921,0.272030000230089,-0.197174306231465,0.980820274197675
3,0.43333333333333335,0.3359818286283781,True,0.981963262663707,-4.12912525391631,-2.16479540955427,0.239717033049739,-0.187475555781725,0.982606932248856
3,0.43333333333333335,0.4832930238571752,True,0.984322398290869,-4.56363403507756,-1.74292168302871,0.17799142572148,-0.175555511117273,0.984710570944013
3,0.43333333333333335,0.6951927961775606,True,0.986856593234882,-5.19021318534434,-1.15141582431875,0.0717850435709805,-0.161181095352512,0.987085162992402
3,0.43333333333333335,1.0,True,0.989484127753209,-6.093888627421,-0.477217738812992,-0.0898521816181215,-0.144442848101602,0.989610090271549
3,0.5111111111111111,0.001,True,0.0607745440206209,-3.24339572063401,-3.15138723621581,0.221081758201737,-0.341709798906087,0.95320972866877
3,0.5111111111111111,0.0014384498882876629,True,0.087236757131217,-3.2434930823138,-3.15129000693397,0.221081236449952,-0.341522586281056,0.953241443262033
3,0.5111111111111111,0.00206913808111479,True,0.124942216748552,-3.24369388788702,-3.15108947531086,0.221080156875019,-0.341138890416979,0.953306447969747
3,0.5111111111111111,0.002976351441631319,True,0.178137264430489,-3.24410664530397,-3.15067728473656,0.221077923092096,-0.340360300208106,0.953438375723359
3,0.5111111111111111,0.004281332398719396,True,0.251707148079296,-3.24494933898214,-3.14983576394289,0.221073301115394,-0.338811615012731,0.953700878343073
3,0.5111111111111111,0.006158482110660267,True,0.349603563553458,-3.24664729182326,-3.14814023799932,0.221063737729861,-0.335847930049907,0.954203563978473
3,0.5111111111111111,0.008858667904100823,True,0.470997628785892,-3.24998705269056,-3.14480549887909,0.221043950288994,-0.330561689094208,0.955101426891391
3,0.5111111111111111,0.012742749857031334,True,0.605001406656628,-3.25630007680186,-3.13850286614484,0.221003009586326,-0.322157672581041,0.956532805679957
3,0.5111111111111111,0.018329807108324356,True,0.730562965798266,-3.26758464206683,-3.1272398050243,0.220918307229349,-0.310768529640253,0.958483276981291
3,0.5111111111111111,0.026366508987303583,True,0.828053669878942,-3.28651293198359,-3.10835602278935,0.220743087495484,-0.297842551468632,0.960720394357532
3,0.5111111111111111,0.0379269019073225,True,0.891863517505748,-3.31649541085167,-3.07846569061956,0.22038070975507,-0.28521145211696,0.962949053973808
3,0.5111111111111111,0.05455594781168517,True,0.928831165287505,-3.36205550469324,-3.0330964933612,0.219631653655999,-0.273885398154431,0.965013016741985
3,0.5111111111111111,0.07847599703514611,True,0.948933494999078,-3.42954730639069,-2.9660006819507,0.218084975677842,-0.26384779937903,0.966929195709313
3,0.5111111111111111,0.11288378916846883,True,0.959849152468509,-3.52815131465477,-2.86822034618136,0.214898452947181,-0.254486174846339,0.968814158634669
3,0.5111111111111111,0.1623776739188721,True,0.96623540889076,-3.67121054703907,-2.72688421257712,0.208363800094524,-0.244977735098008,0.970815474237933
3,0.5111111111111111,0.23357214690901212,True,0.970624743191144,-3.87810041413949,-2.52364331331675,0.195092202700553,-0.234481024564851,0.973071687968261
3,0.5111111111111111,0.3359818286283781,True,0.974311257465135,-4.17691285378956,-2.23276948383198,0.168689128522361,-0.222229535431339,0.975684710942077
3,0.5111111111111111,0.4832930238571752,True,0.977898176979251,-4.60833208438016,-1.81976702802781,0.118598733450662,-0.207616685157129,0.978692066590401
3,0.5111111111111111,0.6951927961775606,True,0.981585749334044,-5.23121838912307,-1.24810850911613,0.0368334079719322,-0.190307609764213,0.982039893696977
3,0.5111111111111111,1.0,True,0.985323609417035,-6.13061631657327,-0.621806019174763,-0.123047001643847,-0.170365378740079,0.985569762375674
3,0.5888888888888889,0.001,True,0.0400082010285087,-3.33009939152677,-3.19362487868603,0.15226118208411,-0.401302191501147,0.936835360323053
3,0.5888888888888889,0.0014384498882876629,True,0.0574959027341064,-3.33016352290924,-3.19356092744138,0.152260761889253,-0.401195320833317,0.936856167974298
