L,mL,theta
3,1.180012521620042,0.0
3,1.1799914993211993,0.002004008016032064
3,1.1799284445802913,0.004008016032064128
3,1.1798230155769718,0.0060120240480961915
3,1.1796764078947803,0.008016032064128256
3,1.1794875716841646,0.01002004008016032
3,1.1792554852339974,0.012024048096192383
3,1.178984809413359,0.014028056112224447
3,1.1786711740630176,0.01603206412825651
3,1.1783162697159886,0.018036072144288574
3,1.177920301586945,0.02004008016032064
3,1.1774784676598888,0.022044088176352703
3,1.1770001394922793,0.024048096192384766
3,1.1764814279204294,0.026052104208416832
3,1.1759307237119456,0.028056112224448895
3,1.1753333410168507,0.03006012024048096
3,1.1746966193443897,0.03206412825651302
3,1.1740209268631274,0.03406813627254509
3,1.173306654275489,0.03607214428857715
3,1.1725542145919219,0.038076152304609215
3,1.1717640428920437,0.04008016032064128
3,1.170918823499552,0.04208416833667334
3,1.1700529293081874,0.044088176352705406
3,1.16915067680259,0.04609218436873747
3,1.168212588731835,0.04809619238476953
3,1.167239208607451,0.0501002004008016
3,1.1662311003885704,0.052104208416833664
3,1.165217403747574,0.05410821643286573
3,1.1641435983099953,0.05611222444889779
3,1.1630369240867289,0.058116232464929855
3,1.1618980209847416,0.06012024048096192
3,1.160727547546573,0.06212424849699398
3,1.1595261805694845,0.06412825651302605
3,1.15829461471421,0.06613226452905811
3,1.157033562103193,0.06813627254509018
3,1.1557437519088951,0.07014028056112225
3,1.154425929932125,0.0721442885771543
3,1.1530808581708176,0.07414829659318636
3,1.1517093143793962,0.07615230460921843
3,1.1503120916191207,0.0781563126252505
3,1.148889997799448,0.08016032064128256
3,1.1474438552109176,0.08216432865731463
3,1.1459122918030957,0.08416833667334668
3,1.144418149702869,0.08617234468937875
3,1.1429025016237835,0.08817635270541081
3,1.1413662257053716,0.09018036072144288
3,1.1398102120385643,0.09218436873747494
3,1.1382353621500283,0.09418837675350701
3,1.1366425884797724,0.09619238476953906
3,1.1350328138525092,0.09819639278557113
3,1.1334069709430536,0.1002004008016032
3,1.1318499583636696,0.10220440881763526
3,1.1301108569792984,0.10420841683366733
3,1.1285311461178216,0.1062124248496994
3,1.1268528431753007,0.10821643286573146
3,1.1251632339029702,0.11022044088176351
3,1.123463295275562,0.11222444889779558
3,1.1217540102404904,0.11422845691382764
3,1.1200363671495206,0.11623246492985971
3,1.118311359187225,0.11823647294589178
3,1.1165799837967605,0.12024048096192384
3,1.1148432421030843,0.1222444889779559
3,1.113102138334067,0.12424849699398796
3,1.111357679239855,0.12625250501002003
3,1.1096108735107413,0.1282565130260521
3,1.1078627311938898,0.13026052104208416
3,1.1061142631092913,0.13226452905811623
3,1.1043664802653517,0.1342685370741483
3,1.1026203932742085,0.13627254509018036
3,1.1008770117674465,0.13827655310621242
3,1.0991373438122434,0.1402805611222445
3,1.0974023953285377,0.14228456913827653
3,1.0956731695073152,0.1442885771543086
3,1.0939506662306093,0.14629258517034066
3,1.0922358814932878,0.14829659318637273
3,1.0905298068271694,0.1503006012024048
3,1.0888334287276833,0.15230460921843686
3,1.087147728083464,0.15430861723446893
3,1.0854736796091913,0.156312625250501
3,1.0838122512819288,0.15831663326653306
3,1.0821644037814793,0.16032064128256512
3,1.080531089934855,0.1623246492985972
3,1.0789132541653512,0.16432865731462926
3,1.0771796805680178,0.16633266533066132
3,1.0755955047933288,0.16833667334669336
3,1.074029697656135,0.17034068136272543
3,1.0724831663572663,0.1723446893787575
3,1.0709568069294213,0.17434869739478956
3,1.0694515037181274,0.17635270541082163
3,1.0679681288692706,0.1783567134268537
3,1.0665075418238752,0.18036072144288576
3,1.0650705888200867,0.18236472945891782
3,1.0636581024029186,0.1843687374749499
3,1.0622709009418791,0.18637274549098196
3,1.0609097881568228,0.18837675350701402
3,1.0595755526522808,0.1903807615230461
3,1.0582689674605772,0.19238476953907813
3,1.0569907895939457,0.1943887775551102
3,1.0557417596058947,0.19639278557114226
3,1.0545226011621804,0.19839679358717432
3,1.05333402062153,0.2004008016032064
3,1.0521767066263699,0.20240480961923846
3,1.0511645230915914,0.20440881763527052
3,1.0499585418773119,0.2064128256513026
3,1.0488989762886092,0.20841683366733466
3,1.047873246831212,0.21042084168336672
3,1.0469852732411535,0.2124248496993988
3,1.0459256535195152,0.21442885771543085
3,1.0451025304950508,0.21643286573146292
3,1.0441202748921403,0.21843687374749496
3,1.0433636220115599,0.22044088176352702
3,1.0424612943601257,0.2224448897795591
3,1.0417725691323863,0.22444889779559116
3,1.040952556101821,0.22645290581162322
3,1.0403330512733113,0.2284569138276553
3,1.0395975561552173,0.23046092184368736
3,1.0390483974152789,0.23246492985971942
3,1.0383994343169398,0.2344689378757515
3,1.0379215784059268,0.23647294589178355
3,1.0373609668667387,0.23847695390781562
3,1.0369552000892797,0.24048096192384769
3,1.036484560134281,0.24248496993987975
3,1.036151497279572,0.2444889779559118
3,1.0357722449232816,0.24649298597194386
3,1.0355123285930974,0.24849699398797592
3,1.0352256718056683,0.250501002004008
3,1.0350391721500187,0.25250501002004005
3,1.0348461072969446,0.2545090180360721
3,1.0347331221561398,0.2565130260521042
3,1.034634430921395,0.25851703406813625
3,1.0345948863724468,0.2605210420841683
3,1.0345911331740703,0.2625250501002004
3,1.0346247844784116,0.26452905811623245
3,1.0347163143842182,0.2665330661322645
3,1.0348227473326654,0.2685370741482966
3,1.0350096844827923,0.27054108216432865
3,1.0351883171329257,0.2725450901803607
3,1.035470563674606,0.2745490981963928
3,1.035720648474671,0.27655310621242485
3,1.036097884013537,0.2785571142284569
3,1.0364185103062058,0.280561122244489
3,1.0368901918771836,0.282565130260521
3,1.0372802887755612,0.28456913827655306
3,1.03784565133517,0.2865731462925851
3,1.0383039909626142,0.2885771543086172
3,1.0389620484033768,0.29058116232464926
3,1.0394872494878546,0.2925851703406813
3,1.040236796174119,0.2945891783567134
3,1.0408273279871159,0.29659318637274545
3,1.0416669408105868,0.2985971943887775
3,1.042321127439587,0.3006012024048096
3,1.043249168391384,0.30260521042084165
3,1.0439651933345235,0.3046092184368737
3,1.0449798125895626,0.3066132264529058
3,1.0457557236600254,0.30861723446893785
3,1.046854863168218,0.3106212424849699
3,1.047688577695413,0.312625250501002
3,1.048869975272936,0.31462925851703405
3,1.049759285586976,0.3166332665330661
3,1.051020479499717,0.3186372745490982
3,1.0519630586847641,0.32064128256513025
3,1.0533013927148434,0.3226452905811623
3,1.0542948006166715,0.3246492985971944
3,1.0557074296017985,0.32665330661322645
3,1.0567491190741394,0.3286573146292585
3,1.0580204815386405,0.3306613226452906
3,1.0595388198392823,0.33266533066132264
3,1.0606479376949307,0.33466933867735466
3,1.0622326718941413,0.3366733466933867
3,1.063383278324039,0.3386773547094188
3,1.0650309521216923,0.34068136272545085
3,1.0662201777685416,0.3426853707414829
3,1.0679271763661071,0.344689378757515
3,1.0694099287160856,0.34669338677354705
3,1.070914633516338,0.3486973947895791
3,1.072172191338008,0.3507014028056112
3,1.0739864010570774,0.35270541082164325
3,1.0755516840700907,0.3547094188376753
3,1.0771353611095522,0.3567134268537074
3,1.0784489525228822,0.35871743486973945
3,1.0803542169250395,0.3607214428857715
3,1.0819875307532505,0.3627254509018036
3,1.0836355097928154,0.36472945891783565
3,1.084992433177483,0.3667334669338677
3,1.0869716363234576,0.3687374749498998
3,1.088657850922159,0.37074148296593185
3,1.0903548660673523,0.3727454909819639
3,1.0917421393563633,0.374749498997996
3,1.0937773594276325,0.37675350701402804
3,1.0955008547109426,0.3787575150300601
3,1.097231185826053,0.3807615230460922
3,1.098635670575912,0.38276553106212424
3,1.100708342079676,0.38476953907815625
3,1.102453152615695,0.3867735470941883
3,1.1042007709457575,0.3887775551102204
3,1.1056092967017241,0.39078156312625245
3,1.1077003797920082,0.3927855711422845
3,1.109450342697056,0.3947895791583166
3,1.1111990593486731,0.39679358717434865
3,1.1125985471285351,0.3987975951903807
3,1.114688702499395,0.4008016032064128
3,1.1164276071613244,0.40280561122244485
3,1.1181612230668856,0.4048096192384769
3,1.1195388068056675,0.406813627254509
3,1.1212586794651365,0.40881763527054105
3,1.1233203127938245,0.4108216432865731
3,1.1250227687700274,0.4128256513026052
3,1.1263659135979514,0.41482965931863724
3,1.1283958943788353,0.4168336673346693
3,1.1300646096824445,0.4188376753507014
3,1.1317201351929802,0.42084168336673344
3,1.133016751459418,0.4228456913827655
3,1.1346446694592967,0.4248496993987976
3,1.1365980226851202,0.42685370741482964
3,1.1381912819295124,0.4288577154308617
3,1.1394298339359783,0.4308617234468938
3,1.1409889511914186,0.43286573146292584
3,1.1428600301622645,0.4348697394789579
3,1.1443762641375583,0.4368737474949899
3,1.145545872602728,0.438877755511022
3,1.147021775201743,0.44088176352705405
3,1.1487926246131501,0.4428857715430861
3,1.15021778783254,0.4448897795591182
3,1.151308325180572,0.44689378757515025
3,1.152687368523901,0.4488977955911823
3,1.1543408500227512,0.4509018036072144
3,1.155661740624568,0.45290581162324645
3,1.156663918264982,0.4549098196392785
3,1.1579333532092995,0.4569138276553106
3,1.159453310941497,0.45891783567134264
3,1.1606576929833705,0.4609218436873747
3,1.1615631398343143,0.4629258517034068
3,1.1627112305570009,0.46492985971943884
3,1.1640826485820295,0.4669338677354709
3,1.1651593653873902,0.468937875751503
3,1.1659606969843963,0.47094188376753504
3,1.1669768294802738,0.4729458917835671
3,1.1681859795227805,0.4749498997995992
3,1.1691250570296063,0.47695390781563124
3,1.1698159346577068,0.4789579158316633
3,1.1706907148646537,0.48096192384769537
3,1.171725292954364,0.48296593186372744
3,1.1725180321089819,0.4849699398797595
3,1.173093211496121,0.48697394789579157
3,1.1738185521424078,0.4889779559118236
3,1.174667802789061,0.49098196392785565
3,1.175306860128975,0.4929859719438877
3,1.1757622293423244,0.4949899799599198
3,1.1763314247127847,0.49699398797595185
3,1.1769862513715506,0.4989979959919839
3,1.1774657070508991,0.501002004008016
3,1.1777983133438306,0.503006012024048
3,1.1782061012736338,0.5050100200400801
3,1.1786591619775941,0.5070140280561122
3,1.1789745746050455,0.5090180360721442
3,1.1791826400699472,0.5110220440881763
3,1.1794252505929435,0.5130260521042084
3,1.1796710377615778,0.5150300601202404
3,1.1798194855427482,0.5170340681362725
3,1.1799024115329293,0.5190380761523046
3,1.1799776017345822,0.5210420841683366
3,1.1800125053100081,0.5230460921843687
3,1.1799926131132485,0.5250501002004008
3,1.1799509735042433,0.5270541082164328
3,1.17985804825727,0.5290581162324649
3,1.1796804014712872,0.531062124248497
3,1.1794923535660373,0.533066132264529
3,1.1793278770324382,0.5350701402805611
3,1.1790676954231767,0.5370741482965932
3,1.178677802657218,0.5390781563126252
3,1.1783233410070626,0.5410821643286573
3,1.1780388825936075,0.5430861723446894
3,1.1776138499798434,0.5450901803607214
3,1.1770139963449708,0.5470941883767535
3,1.1764964044711324,0.5490981963927856
3,1.1760959068363348,0.5511022044088176
3,1.1755099526099433,0.5531062124248497
3,1.174704395043437,0.5551102204408818
3,1.1740284676081896,0.5571142284569138
3,1.1735169124131648,0.5591182364729459
3,1.172775453673218,0.561122244488978
3,1.1717703935209427,0.56312625250501
3,1.1709423919127282,0.565130260521042
3,1.1703257419173794,0.567134268537074
3,1.1694356333895188,0.5691382765531061
3,1.168239170616889,0.5711422845691382
3,1.1672667649485307,0.5731462925851702
3,1.166551897460195,0.5751503006012023
3,1.1655213681252306,0.5771543086172344
3,1.1641434374731754,0.5791583166332664
3,1.1630356355305604,0.5811623246492985
3,1.1622302679261038,0.5831663326653306
3,1.1610688449437483,0.5851703406813626
3,1.1595211345177467,0.5871743486973947
3,1.1582881983170488,0.5891783567134268
3,1.1574008064279762,0.5911823647294588
3,1.15611922705908,0.5931863727454909
3,1.154415080007048,0.595190380761523
3,1.153068430733534,0.597194388777555
3,1.1521081609438417,0.5991983967935871
3,1.1507182732852295,0.6012024048096192
3,1.1488725733833032,0.6032064128256512
3,1.1474246855922978,0.6052104208416833
3,1.1464012615499184,0.6072144288577154
3,1.1449159149997277,0.6092184368737474
3,1.1429449571206507,0.6112224448897795
3,1.1414092431807028,0.6132264529058116
3,1.1403328680660483,0.6152304609218436
3,1.1387657945321132,0.6172344689378757
3,1.1366871411191546,0.6192384769539078
3,1.1350778269678408,0.6212424849699398
3,1.1339590822955077,0.6232464929859719
3,1.1323247692449483,0.625250501002004
3,1.1301570940522208,0.627254509018036
3,1.1284890874155653,0.6292585170340681
3,1.1273388293683457,0.6312625250501002
3,1.1256523858921348,0.6332665330661322
3,1.1234153063793908,0.6352705410821643
3,1.1217040586755698,0.6372745490981964
3,1.1205333129834159,0.6392785571142284
3,1.1188103301140655,0.6412825651302605
3,1.1165242299988545,0.6432865731462926
3,1.1147855932054958,0.6452905811623246
3,1.113605449585115,0.6472945891783567
3,1.1118618561588451,0.6492985971943888
3,1.1095476997302687,0.6513026052104208
3,1.1077977795411875,0.6533066132264529
3,1.1066192867060118,0.655310621242485
3,1.1048712021019742,0.657314629258517
3,1.1025503419871625,0.6593186372745491
3,1.1013802548983889,0.6613226452905812
3,1.099639410852636,0.6633266533066132
3,1.0973276582274074,0.6653306613226453
3,1.0955969761163262,0.6673346693386772
3,1.0944474667113246,0.6693386773547093
3,1.092730350408462,0.6713426853707414
3,1.0904496013132736,0.6733466933867734
3,1.0887520139501103,0.6753507014028055
3,1.0876334930339646,0.6773547094188376
3,1.0859559790742743,0.6793587174348696
3,1.083727630312481,0.6813627254509017
3,1.0820788631336125,0.6833667334669338
3,1.0810013284976678,0.6853707414829658
3,1.079378925361008,0.6873747494989979
3,1.077224013553371,0.68937875751503
3,1.0756393397541204,0.691382765531062
3,1.0740730091951585,0.6933867735470941
3,1.0730599935942777,0.6953907815631262
3,1.0709989966608664,0.6973947895791582
3,1.0694930957137219,0.6993987975951903
3,1.0685254344790085,0.7014028056112224
3,1.0670576017833235,0.7034068136272544
3,1.065110244476979,0.7054108216432865
3,1.0636970661497382,0.7074148296593186
3,1.0623091502037139,0.7094188376753506
3,1.0614272415512842,0.7114228456913827
3,1.0596123068880863,0.7134268537074148
3,1.0583049420215302,0.7154308617234468
3,1.057480072853277,0.7174348697394789
3,1.0562209651196828,0.719438877755511
3,1.0545561135073795,0.721442885771543
3,1.0533666727495146,0.7234468937875751
3,1.0522084796190634,0.7254509018036072
3,1.051486904089845,0.7274549098196392
3,1.049988501893264,0.7294589178356713
3,1.0489280035135327,0.7314629258517034
3,1.048272753462207,0.7334669338677354
3,1.047268824470185,0.7354709418837675
3,1.0459517836742158,0.7374749498997996
3,1.0450300514967954,0.7394789579158316
3,1.044144397036852,0.7414829659318637
3,1.043605722063044,0.7434869739478958
3,1.0424833525990789,0.7454909819639278
3,1.0417089250008553,0.7474949899799599
3,1.0412431730395368,0.749498997995992
3,1.0405314619516288,0.751503006012024
3,1.0396153381436806,0.7535070140280561
3,1.0389953889598058,0.7555110220440882
3,1.0384150138695547,0.7575150300601202
3,1.0380744654201177,0.7595190380761523
3,1.0373743078825506,0.7615230460921844
3,1.0370847683748936,0.7635270541082164
3,1.0366506823698853,0.7655310621242485
3,1.0362574472012054,0.7675350701402806
3,1.0357810213827754,0.7695390781563125
3,1.0354857733514578,0.7715430861723446
3,1.0352321328225953,0.7735470941883766
3,1.035097205480209,0.7755511022044087
3,1.0348502378997475,0.7775551102204408
3,1.0347669680691716,0.7795591182364728
3,1.0346647177476198,0.7815631262525049
3,1.0346044665972673,0.783567134268537
3,1.0345905796561996,0.785571142284569
3,1.034630947448306,0.7875751503006011
3,1.0347134180138073,0.7895791583166332
3,1.0347837858831592,0.7915831663326652
3,1.0350044519711454,0.7935871743486973
3,1.0351251919531526,0.7955911823647294
3,1.035358549759406,0.7975951903807614
3,1.0356335055456676,0.7995991983967935
3,1.0360880209783665,0.8016032064128256
3,1.0364625122853135,0.8036072144288576
3,1.0368780451895474,0.8056112224448897
3,1.0371457699957178,0.8076152304609218
3,1.0378312491411317,0.8096192384769538
3,1.038146223640967,0.8116232464929859
3,1.0387065800241284,0.813627254509018
3,1.0393065984716765,0.81563126252505
3,1.0399459320378215,0.8176352705410821
3,1.0409127589349254,0.8196392785571142
3,1.041645992839512,0.8216432865731462
3,1.0420960142903357,0.8236472945891783
3,1.0432261289298026,0.8256513026052104
3,1.0437186045683648,0.8276553106212424
3,1.044585285624828,0.8296593186372745
3,1.0458734757900954,0.8316633266533066
3,1.0468278056084268,0.8336673346693386
3,1.0478171715574602,0.8356713426853707
3,1.0488410004161544,0.8376753507014028
3,1.0494518834363762,0.8396793587174348
3,1.0509896544860988,0.8416833667334669
3,1.0516367461679468,0.843687374749499
3,1.0527777763886677,0.845691382765531
3,1.054455647477567,0.8476953907815631
3,1.0551537360591379,0.8496993987975952
3,1.0569205091901257,0.8517034068136272
3,1.0581970842998112,0.8537074148296593
3,1.0589419884855833,0.8557114228456913
3,1.0608348253299742,0.8577154308617234
3,1.0616085148959953,0.8597194388777555
3,1.0629817968775013,0.8617234468937875
3,1.0649913343079989,0.8637274549098196
3,1.0658044285207315,0.8657314629258517
3,1.0678862414446142,0.8677354709418837
3,1.0693683706286778,0.8697394789579158
3,1.0702161995517254,0.8717434869739479
3,1.0723976871294376,0.8737474949899798
3,1.0732660102675369,0.8757515030060119
3,1.074820877862147,0.877755511022044
3,1.0763945253225784,0.879759519038076
3,1.0779860427261658,0.8817635270541081
3,1.0803089892960167,0.8837675350701402
3,1.0819418814954245,0.8857715430861722
3,1.0828585635745671,0.8877755511022043
3,1.085250786292509,0.8897795591182364
3,1.0861791382524324,0.8917835671342684
3,1.0878582258555516,0.8937875751503005
3,1.0895485548008121,0.8957915831663326
3,1.0912491476973638,0.8977955911823646
3,1.093729511054623,0.8997995991983967
3,1.095452801832976,0.9018036072144288
3,1.096402650577609,0.9038076152304608
3,1.0989189719872006,0.9058116232464929
3,1.0998714792529425,0.907815631262525
3,1.1016128382614652,0.909819639278557
3,1.1041521149612121,0.9118236472945891
3,1.1051044117137696,0.9138276553106212
3,1.1076516795220228,0.9158316633266532
3,1.1094016626060943,0.9178356713426853
3,1.1103487622315003,0.9198396793587174
3,1.1128969614236424,0.9218436873747494
3,1.1138378652262804,0.9238476953907815
3,1.1155772495830834,0.9258517034068136
3,1.117311847442876,0.9278557114228456
3,1.1190406558174,0.9298597194388777
3,1.121560822723427,0.9318637274549098
3,1.123272805084136,0.9338677354709418
3,1.1241823678268863,0.9358717434869739
3,1.1266680190485223,0.937875751503006
3,1.1275630174582068,0.939879759519038
3,1.1292362539593979,0.9418837675350701
3,1.1308968059824924,0.9438877755511021
3,1.132543713354385,0.9458917835671342
3,1.1349427501996068,0.9478957915831663
3,1.1365534436111058,0.9498997995991983
3,1.1373930874761549,0.9519038076152304
3,1.1397230591229788,0.9539078156312625
3,1.1405405573618261,0.9559118236472945
3,1.1420859132760883,0.9579158316633266
3,1.143611154714911,0.9599198396793587
3,1.1451153997451855,0.9619238476953907
3,1.1473027614982483,0.9639278557114228
3,1.1487526221645945,0.9659318637274549
3,1.1494935221739007,0.9679358717434869
3,1.151579465503641,0.969939879759519
3,1.1522916889131982,0.9719438877755511
3,1.1536521495618919,0.9739478957915831
3,1.1549858078453894,0.9759519038076151
3,1.1562918926088093,0.9779559118236472
3,1.1575696486409728,0.9799599198396792
3,1.159419363921001,0.9819639278557113
3,1.1606245962638466,0.9839679358717434
3,1.1617989329009581,0.9859719438877754
3,1.162941693442571,0.9879759519038075
3,1.163508235718681,0.9899799599198396
3,1.1651298565370007,0.9919839679358716
3,1.1656608441210408,0.9939879759519037
3,1.1666868355624855,0.9959919839679358
3,1.1681593428777346,0.9979959919839678
3,1.168635226998189,1.0
7,1.1555288749785206,0.0
7,1.1554349694235135,0.002004008016032064
7,1.1551535267713535,0.004008016032064128
7,1.154685367025308,0.0060120240480961915
7,1.1540318501000897,0.008016032064128256
7,1.153190223725187,0.01002004008016032
7,1.1521768198492115,0.012024048096192383
7,1.1509806165702192,0.014028056112224447
7,1.1496096377479328,0.01603206412825651
7,1.1480530778608946,0.018036072144288574
7,1.146341208745498,0.02004008016032064
7,1.1444670443651477,0.022044088176352703
7,1.142460890845017,0.024048096192384766
7,1.1402816388107015,0.026052104208416832
7,1.137956400965999,0.028056112224448895
7,1.1354910920029098,0.03006012024048096
7,1.1328918513401594,0.03206412825651302
7,1.1301650062598336,0.03406813627254509
7,1.127264702331342,0.03607214428857715
7,1.1242971777270823,0.038076152304609215
7,1.1212217032508638,0.04008016032064128
7,1.1180450150518424,0.04208416833667334
7,1.1147738587697986,0.044088176352705406
7,1.1114930700338301,0.04609218436873747
7,1.1080583532137684,0.04809619238476953
7,1.1045491374482825,0.0501002004008016
7,1.100971881165649,0.052104208416833664
7,1.0973329077388143,0.05410821643286573
7,1.0936383819551678,0.05611222444889779
7,1.0898942884646816,0.058116232464929855
7,1.086106412225602,0.06012024048096192
7,1.0822803209512644,0.06212424849699398
7,1.0784213495497503,0.06412825651302605
7,1.0745345865393163,0.06613226452905811
7,1.070624862416554,0.06813627254509018
7,1.066696739951145,0.07014028056112225
7,1.0626123743901432,0.0721442885771543
7,1.058655786424919,0.07414829659318636
7,1.054692932904032,0.07615230460921843
7,1.0507272456680747,0.0781563126252505
7,1.0467618671157013,0.08016032064128256
7,1.042799651573921,0.08216432865731463
7,1.0388431684235069,0.08416833667334668
7,1.0348947069507244,0.08617234468937875
7,1.0309562828913892,0.08817635270541081
7,1.0270296466259736,0.09018036072144288
7,1.0232958174973001,0.09218436873747494
7,1.019217472530498,0.09418837675350701
7,1.0155200473840789,0.09619238476953906
7,1.0114672906231867,0.09819639278557113
7,1.0078092273636867,0.1002004008016032
7,1.0037847405648572,0.10220440881763526
7,1.0001675106265602,0.10420841683366733
7,0.9961725051963531,0.1062124248496994
7,0.9925963694152379,0.10821643286573146
7,0.98863088256246,0.11022044088176351
7,0.9850951865028543,0.11222444889779558
7,0.9811583990216574,0.11422845691382764
7,0.9776618761337328,0.11623246492985971
7,0.9737524385313185,0.11823647294589178
7,0.9702935085031924,0.12024048096192384
7,0.9664098611056195,0.1222444889779559
7,0.9629869105917663,0.12424849699398796
7,0.9591275831883994,0.12625250501002003
7,0.9557392168858994,0.1282565130260521
7,0.9519030945407597,0.13026052104208416
7,0.9485483463696979,0.13226452905811623
7,0.9447348902317758,0.1342685370741483
7,0.9414133870542486,0.13627254509018036
7,0.9376228021932341,0.13827655310621242
7,0.934334875858241,0.1402805611222445
7,0.9308173964878335,0.14228456913827653
7,0.9270633889813348,0.1442885771543086
7,0.9235742150182737,0.14629258517034066
7,0.9201013468015166,0.14829659318637273
7,0.9169038501475919,0.1503006012024048
7,0.9132076163304546,0.15230460921843686
7,0.9097885364939582,0.15430861723446893
7,0.9063893167110436,0.156312625250501
7,0.9032768881358121,0.15831663326653306
7,0.8996549499180057,0.16032064128256512
7,0.8963222283497825,0.1623246492985972
7,0.8930142049260287,0.16432865731462926
7,0.8900033488480348,0.16633266533066132
7,0.8864777558230353,0.16833667334669336
7,0.8832522008807187,0.17034068136272543
7,0.8800570759623173,0.1723446893787575
7,0.8771675274637966,0.17434869739478956
7,0.8737642859933047,0.17635270541082163
7,0.8706697873013282,0.1783567134268537
7,0.8676120479858743,0.18036072144288576
7,0.8648655786340356,0.18236472945891782
7,0.8618856064248471,0.1843687374749499
7,0.8586761223422305,0.18637274549098196
7,0.8557823112409756,0.18837675350701402
7,0.853202199539095,0.1903807615230461
7,0.8503991646337902,0.19238476953907813
7,0.8473804092623276,0.1943887775551102
7,0.8446791736906565,0.19639278557114226
7,0.8422903659972678,0.19839679358717432
7,0.8396940241919748,0.2004008016032064
7,0.8369010730478774,0.20240480961923846
7,0.8344237770352684,0.20440881763527052
7,0.8322534667035234,0.2064128256513026
7,0.8298966436709955,0.20841683366733466
7,0.8273685495353751,0.21042084168336672
7,0.8251500108261671,0.2124248496993988
7,0.8232282109683874,0.21442885771543085
7,0.821147423862682,0.21643286573146292
7,0.8189278417270197,0.21843687374749496
7,0.8170067146674943,0.22044088176352702
7,0.8153664125159269,0.2224448897795591
7,0.8136019446711199,0.22444889779559116
7,0.8117390531461679,0.22645290581162322
7,0.810157486549044,0.2284569138276553
7,0.8088340978627258,0.23046092184368736
7,0.8074292397629068,0.23246492985971942
7,0.8059746772095996,0.2344689378757515
7,0.8047770582098204,0.23647294589178355
7,0.8038070743349928,0.23847695390781562
7,0.8028064323421202,0.24048096192384769
7,0.8018131692342734,0.24248496993987975
7,0.8010439472281419,0.2444889779559118
7,0.8004628255483653,0.24649298597194386
7,0.7999097665499473,0.24849699398797592
7,0.7994290106600878,0.250501002004008
7,0.7991297421281428,0.25250501002004005
7,0.7989692089345418,0.2545090180360721
7,0.798902635759537,0.2565130260521042
7,0.7989800024507756,0.25851703406813625
7,0.7991858669837641,0.2605210420841683
7,0.7994708861075925,0.2625250501002004
7,0.7999216347244593,0.26452905811623245
7,0.8005929237225063,0.2665330661322645
7,0.8013290475793532,0.2685370741482966
7,0.8020747709215201,0.27054108216432865
7,0.8030619969895931,0.2725450901803607
7,0.8043490068605429,0.2745490981963928
7,0.8056269955266965,0.27655310621242485
7,0.806836051828222,0.2785571142284569
7,0.8083640240809563,0.280561122244489
7,0.8102708912738166,0.282565130260521
7,0.8118204752399022,0.28456913827655306
7,0.8137464780572405,0.2865731462925851
7,0.8161087916385121,0.2885771543086172
7,0.8183127374264629,0.29058116232464926
7,0.8206420679119416,0.2925851703406813
7,0.8227264987462208,0.2945891783567134
7,0.8256661937496005,0.29659318637274545
7,0.8283549319037075,0.2985971943887775
7,0.8307299961542495,0.3006012024048096
7,0.8336224682133148,0.30260521042084165
7,0.8370857345424866,0.3046092184368737
7,0.8402043105866218,0.3066132264529058
7,0.8434198201471284,0.30861723446893785
7,0.8462095557330577,0.3106212424849699
7,0.8501227444627296,0.312625250501002
7,0.8536002110581422,0.31462925851703405
7,0.8565887882330213,0.3166332665330661
7,0.8602004022960809,0.3186372745490982
7,0.8644733010778535,0.32064128256513025
7,0.8682261320434681,0.3226452905811623
7,0.8720337032587957,0.3246492985971944
7,0.8752591258865062,0.32665330661322645
7,0.8797897431830678,0.3286573146292585
7,0.8837264497138796,0.3306613226452906
7,0.8870344816103669,0.33266533066132264
7,0.891020041226646,0.33466933867735466
7,0.8957007158751282,0.3366733466933867
7,0.8990469024454804,0.3386773547094188
7,0.9037624024756669,0.34068136272545085
7,0.9071103005673029,0.3426853707414829
7,0.9118348812941895,0.344689378757515
7,0.915861883930807,0.34669338677354705
7,0.9191793973394644,0.3486973947895791
7,0.9231753405613831,0.3507014028056112
7,0.9278470169953771,0.35270541082164325
7,0.9310991374775848,0.3547094188376753
7,0.9357131282588618,0.3567134268537074
7,0.9395973029228613,0.35871743486973945
7,0.9434444558920342,0.3607214428857715
7,0.9472517044505896,0.3627254509018036
7,0.9503352786067635,0.36472945891783565
7,0.9540601069917919,0.3667334669338677
7,0.9577390380653787,0.3687374749498998
7,0.9613706667576262,0.37074148296593185
7,0.9656151015187299,0.3727454909819639
7,0.9691438754596948,0.374749498997996
7,0.9726234309122418,0.37675350701402804
7,0.9760540199360723,0.3787575150300601
7,0.9787979622602938,0.3807615230460922
7,0.9821384500216248,0.38276553106212424
7,0.9854327482607977,0.38476953907815625
7,0.988682458172423,0.3867735470941883
7,0.9925068865789005,0.3887775551102204
7,0.9956689748589925,0.39078156312625245
7,0.998793426184677,0.3927855711422845
7,1.00188294001649,0.3947895791583166
7,1.004338024451522,0.39679358717434865
7,1.0073689217033843,0.3987975951903807
7,1.0103733315702847,0.4008016032064128
7,1.013354428121705,0.40280561122244485
7,1.0169113885799348,0.4048096192384769
7,1.019259521385404,0.406813627254509
7,1.0227862853072982,0.40881763527054105
7,1.0257071345240387,0.4108216432865731
7,1.028021702135113,0.4128256513026052
7,1.0309289329814595,0.41482965931863724
7,1.0338339593528223,0.4168336673346693
7,1.036739200215384,0.4188376753507014
7,1.0402579140611727,0.42084168336673344
7,1.0431738492201421,0.4228456913827655
7,1.046095967895012,0.4248496993987976
7,1.0484014456843576,0.42685370741482964
7,1.0513344503053852,0.4288577154308617
7,1.054276099683778,0.4308617234468938
7,1.0572265905399634,0.43286573146292584
7,1.0608289652688867,0.4348697394789579
7,1.0638008000834118,0.4368737474949899
7,1.0667794903350118,0.438877755511022
7,1.0697635770606637,0.44088176352705405
7,1.0720914031161706,0.4428857715430861
7,1.0750772688494015,0.4448897795591182
7,1.0780624197120687,0.44689378757515025
7,1.0810439450699247,0.4488977955911823
7,1.0846865499276122,0.4509018036072144
7,1.0876507147395909,0.45290581162324645
7,1.0905994443954277,0.4549098196392785
7,1.0935283962163362,0.4569138276553106
7,1.0957708682559657,0.45891783567134264
7,1.0986503952748197,0.4609218436873747
7,1.1014967538719904,0.4629258517034068
7,1.104304661167216,0.46492985971943884
7,1.1077057427140042,0.4669338677354709
7,1.1104104685688145,0.468937875751503
7,1.1130583889051957,0.47094188376753504
7,1.1156435988486768,0.4729458917835671
7,1.117570832421885,0.4749498997995992
7,1.1200284942968028,0.47695390781563124
7,1.1224070703988052,0.4789579158316633
7,1.1247006103589454,0.48096192384769537
7,1.1274198087681548,0.48296593186372744
7,1.1295035717697293,0.4849699398797595
7,1.1314833892316667,0.48697394789579157
7,1.1333537763646298,0.4889779559118236
7,1.134690616008873,0.49098196392785565
7,1.1363546694318534,0.4929859719438877
7,1.1378955307418288,0.4949899799599198
7,1.1393086073799847,0.49699398797595185
7,1.140887556493851,0.4989979959919839
7,1.1419990586137088,0.501002004008016
7,1.1429696997363399,0.503006012024048
7,1.1437962567813258,0.5050100200400801
7,1.1443181207512307,0.5070140280561122
7,1.1448858012405414,0.5090180360721442
7,1.1453027572901717,0.5110220440881763
7,1.145567181060324,0.5130260521042084
7,1.145681034840294,0.5150300601202404
7,1.1455963807234304,0.5170340681362725
7,1.1453556335785209,0.5190380761523046
7,1.1449585850182753,0.5210420841683366
7,1.1445646515815602,0.5230460921843687
7,1.1438970482668371,0.5250501002004008
7,1.1430746551702216,0.5270541082164328
7,1.1420985090133569,0.5290581162324649
7,1.140645515075667,0.531062124248497
7,1.139325057474164,0.533066132264529
7,1.1378558603525555,0.5350701402805611
7,1.1362400673654507,0.5370741482965932
7,1.1349670365962028,0.5390781563126252
7,1.1331050318241043,0.5410821643286573
7,1.1311035327677388,0.5430861723446894
7,1.1289653237224304,0.5450901803607214
7,1.1260502024666936,0.5470941883767535
7,1.1236097456977925,0.5490981963927856
7,1.121042232913592,0.5511022044088176
7,1.118350882053016,0.5531062124248497
7,1.1163289678609931,0.5551102204408818
7,1.1134348880936271,0.5571142284569138
7,1.1104262454039437,0.5591182364729459
7,1.1073064318048809,0.561122244488978
7,1.10315300771158,0.56312625250501
7,1.0997890645082533,0.565130260521042
7,1.096325097688317,0.567134268537074
7,1.093784394342864,0.5691382765531061
7,1.0901606633592402,0.5711422845691382
7,1.0864467304749441,0.5731462925851702
7,1.0826461922774882,0.5751503006012023
7,1.0776293577611225,0.5771543086172344
7,1.0736403668667216,0.5791583166332664
7,1.069576717821096,0.5811623246492985
7,1.0654421953216917,0.5831663326653306
7,1.0612406353409676,0.5851703406813626
7,1.0582305444470088,0.5871743486973947
7,1.0539278854760838,0.5891783567134268
7,1.049568963248089,0.5911823647294588
7,1.0438426972232966,0.5931863727454909
7,1.0393654735878124,0.595190380761523
7,1.0348454391875597,0.597194388777555
7,1.0302868402122254,0.5991983967935871
7,1.0270737984020961,0.6012024048096192
7,1.022464157016669,0.6032064128256512
7,1.0178277367265522,0.6052104208416833
7,1.0131689587506283,0.6072144288577154
7,1.0070677097593728,0.6092184368737474
7,1.002369751733992,0.6112224448897795
7,0.9976642742807681,0.6132264529058116
7,0.9943999204643984,0.6152304609218436
7,0.9882489785283377,0.6172344689378757
7,0.9849984116996515,0.6192384769539078
7,0.9803092979117783,0.6212424849699398
7,0.9756339697143117,0.6232464929859719
7,0.9695283484367881,0.625250501002004
7,0.96489737241615,0.627254509018036
7,0.9602949120763704,0.6292585170340681
7,0.9557252807552639,0.6312625250501002
7,0.9526193160001268,0.6332665330661322
7,0.9481189780475798,0.6352705410821643
7,0.9436625202947712,0.6372745490981964
7,0.9392538837931211,0.6392785571142284
7,0.9335141512440334,0.6412825651302605
7,0.9292266547394422,0.6432865731462926
7,0.9249992029766929,0.6452905811623246
7,0.9221716468371709,0.6472945891783567
7,0.9167374845784511,0.6492985971943888
7,0.9140093536343742,0.6513026052104208
7,0.9100335073715072,0.6533066132264529
7,0.9061313568376914,0.655310621242485
7,0.901067204171678,0.657314629258517
7,0.8973416081037366,0.6593186372745491
7,0.8936967437239716,0.6613226452905812
7,0.890134144642366,0.6633266533066132
7,0.8877996519642171,0.6653306613226453
7,0.8843803783501089,0.6673346693386772
7,0.8810460062528541,0.6693386773547093
7,0.8777970964657965,0.6713426853707414
7,0.8735903849732819,0.6733466933867734
7,0.8715565782430438,0.6753507014028055
7,0.8685647727276162,0.6773547094188376
7,0.8656580471277647,0.6793587174348696
7,0.8618951274689799,0.6813627254509017
7,0.8600967145550298,0.6833667334669338
7,0.8574399826847964,0.6853707414829658
7,0.8548641104234537,0.6873747494989979
7,0.8515267470991537,0.68937875751503
7,0.8491316691068703,0.691382765531062
7,0.84681178875393,0.6933867735470941
7,0.8445650824293915,0.6953907815631262
7,0.8431378837070548,0.6973947895791582
7,0.8410095286676635,0.6993987975951903
7,0.83894850276399,0.7014028056112224
7,0.8362670803761149,0.7034068136272544
7,0.8343538253361764,0.7054108216432865
7,0.8325007483853236,0.7074148296593186
7,0.8313340577862458,0.7094188376753506
7,0.8289670393552567,0.7114228456913827
7,0.827282658408433,0.7134268537074148
7,0.8256510101386615,0.7154308617234468
7,0.8240706315391734,0.7174348697394789
7,0.8225402666062417,0.719438877755511
7,0.8210588872700485,0.721442885771543
7,0.8196257123224933,0.7234468937875751
7,0.8182402241568799,0.7254509018036072
7,0.8173819264440053,0.7274549098196392
7,0.8160754167639958,0.7294589178356713
7,0.8148164965357273,0.7314629258517034
7,0.8136057074339962,0.7334669338677354
7,0.8120300208691182,0.7354709418837675
7,0.8113322279201649,0.7374749498997996
7,0.8102721628096721,0.7394789579158316
7,0.8092654751111619,0.7414829659318637
7,0.8079758931529856,0.7434869739478958
7,0.8071037243617355,0.7454909819639278
7,0.8062931745430655,0.7474949899799599
7,0.8055472480791835,0.749498997995992
7,0.8048691898730218,0.751503006012024
7,0.8042624650903555,0.7535070140280561
7,0.803730736690763,0.7555110220440882
7,0.8032778409079201,0.7575150300601202
7,0.8030378799875054,0.7595190380761523
7,0.8027215920866665,0.7615230460921844
7,0.8024946346078223,0.7635270541082164
7,0.802361225975678,0.7655310621242485
7,0.80233878905357,0.7675350701402806
7,0.8023920900220807,0.7695390781563125
7,0.8025648633606325,0.7715430861723446
7,0.8028481207847392,0.7735470941883766
7,0.8034315049756058,0.7755511022044087
7,0.803995381724472,0.7775551102204408
7,0.8046832562901994,0.7795591182364728
7,0.8054986641703447,0.7815631262525049
7,0.8064449053281897,0.783567134268537
7,0.8075250143418211,0.785571142284569
7,0.80874173202287,0.7875751503006011
7,0.8100974787267431,0.7895791583166332
7,0.8109866909327016,0.7915831663326652
7,0.8125681663634302,0.7935871743486973
7,0.8142930109619403,0.7955911823647294
7,0.8161622968338605,0.7975951903807614
7,0.8181766816566634,0.7995991983967935
7,0.8203363948376368,0.8016032064128256
7,0.8226412263528696,0.8036072144288576
7,0.825090518334976,0.8056112224448897
7,0.8287681815295298,0.8076152304609218
7,0.8315620565580195,0.8096192384769538
7,0.8344950204695876,0.8116232464929859
7,0.836303223190801,0.813627254509018
7,0.8407670991312189,0.81563126252505
7,0.8440995486908449,0.8176352705410821
7,0.8475577780809258,0.8196392785571142
7,0.8511373998601279,0.8216432865731462
7,0.8533022083586815,0.8236472945891783
7,0.8570609668974081,0.8256513026052104
7,0.8609277632023565,0.8276553106212424
7,0.8648969073241836,0.8296593186372745
7,0.8689623948624123,0.8316633266533066
7,0.8731179330505536,0.8336673346693386
7,0.8773569684785465,0.8356713426853707
7,0.8816727163030109,0.8376753507014028
7,0.8879147258252365,0.8396793587174348
7,0.8923913282889043,0.8416833667334669
7,0.896920220599664,0.843687374749499
7,0.9014939532279573,0.845691382765531
7,0.906105022412959,0.8476953907815631
7,0.9107459052386496,0.8496993987975952
7,0.915409094935247,0.8517034068136272
7,0.9180949380342593,0.8537074148296593
7,0.9227734898811953,0.8557114228456913
7,0.9274553451171498,0.8577154308617234
7,0.9321333627719397,0.8597194388777555
7,0.936800575764844,0.8617234468937875
7,0.9414502233615093,0.8637274549098196
7,0.9460757823804058,0.8657314629258517
7,0.950670996898581,0.8677354709418837
7,0.9571957432273819,0.8697394789579158
7,0.9616973083493436,0.8717434869739479
7,0.9661493450904912,0.8737474949899798
7,0.9705470759165202,0.8757515030060119
7,0.9748861166054164,0.877755511022044
7,0.9791624905697114,0.879759519038076
7,0.9833726399825499,0.8817635270541081
7,0.9875134335601802,0.8837675350701402
7,0.9897946208349316,0.8857715430861722
7,0.9938181179570148,0.8877755511022043
7,0.9977663623635981,0.8897795591182364
7,1.001637755285519,0.8917835671342684
7,1.0054311137266823,0.8937875751503005
7,1.0091456587202485,0.8957915831663326
7,1.012781000248863,0.8977955911823646
7,1.0163371189933255,0.8997995991983967
7,1.0213535258627675,0.9018036072144288
7,1.0247209286395376,0.9038076152304608
7,1.0280114169189332,0.9058116232464929
7,1.0312263328257436,0.907815631262525
7,1.0343672458140474,0.909819639278557
7,1.0374359204378991,0.9118236472945891
7,1.0404342833193507,0.9138276553106212
7,1.0433643897229394,0.9158316633266532
7,1.0449260474007531,0.9178356713426853
7,1.0477523165869582,0.9198396793587174
7,1.0505160303632026,0.9218436873747494
7,1.0532194280548766,0.9238476953907815
7,1.0558647319529875,0.9258517034068136
7,1.0584541189094656,0.9278557114228456
7,1.0609896938941314,0.9298597194388777
7,1.063473465759963,0.9318637274549098
7,1.067024957821267,0.9338677354709418
7,1.0693911142002852,0.9358717434869739
7,1.0717113107680023,0.937875751503006
7,1.073986901663342,0.939879759519038
7,1.0762190574437036,0.9418837675350701
7,1.0784087580139796,0.9438877755511021
7,1.0805567882095521,0.9458917835671342
7,1.0826637359143123,0.9478957915831663
7,1.0837566155639025,0.9498997995991983
7,1.0857995183014097,0.9519038076152304
7,1.0878020362769796,0.9539078156312625
7,1.0897640817126908,0.9559118236472945
7,1.0916853891140887,0.9579158316633266
7,1.0935655240605515,0.9599198396793587
7,1.0954038932197336,0.9619238476953907
7,1.0971997553633734,0.9639278557114228
7,1.0997811458420947,0.9659318637274549
7,1.1014691171784448,0.9679358717434869
7,1.1031109259910772,0.969939879759519
7,1.1047053159033786,0.9719438877755511
7,1.1062509515872783,0.9739478957915831
7,1.1077464316845114,0.9759519038076151
7,1.1091903014570261,0.9779559118236472
7,1.1099083862280585,0.9799599198396792
7,1.1112700642364273,0.9819639278557113
7,1.1125764354465597,0.9839679358717434
7,1.113825956350867,0.9859719438877754
7,1.115017081344314,0.9879759519038075
7,1.1161482723663145,0.9899799599198396
7,1.117218007825783,0.9919839679358716
7,1.1182247907674556,0.9939879759519037
7,1.1196111099716315,0.9959919839679358
7,1.1204551994986591,0.9979959919839678
7,1.1212312566788993,1.0
8,1.155929071320577,0.0
8,1.155807173628015,0.002004008016032064
8,1.1554419638178344,0.004008016032064128
8,1.1548370657585938,0.0060120240480961915
8,1.1539883372385233,0.008016032064128256
8,1.1529116219450852,0.01002004008016032
8,1.151599551604713,0.012024048096192383
8,1.150061030868443,0.014028056112224447
8,1.1482869685755173,0.01603206412825651
8,1.1463100956117471,0.018036072144288574
8,1.144148992816804,0.02004008016032064
8,1.1417703946047058,0.022044088176352703
8,1.139201470745878,0.024048096192384766
8,1.1364511551900291,0.026052104208416832
8,1.133528774503027,0.028056112224448895
8,1.1304439665234263,0.03006012024048096
8,1.1271536150463461,0.03206412825651302
8,1.1237680528734684,0.03406813627254509
8,1.1202499355611137,0.03607214428857715
8,1.116609367136063,0.038076152304609215
8,1.1129323901898782,0.04008016032064128
8,1.109082682643486,0.04208416833667334
8,1.1051400560208322,0.044088176352705406
8,1.1011138735176287,0.04609218436873747
8,1.0970131801835552,0.04809619238476953
8,1.0928466599252933,0.0501002004008016
8,1.0886225993304344,0.052104208416833664
8,1.0843488581889207,0.05410821643286573
8,1.080032846445396,0.05611222444889779
8,1.075681507199078,0.058116232464929855
8,1.0713013052806635,0.06012024048096192
8,1.066761420299381,0.06212424849699398
8,1.062336062740146,0.06412825651302605
8,1.0578984534367226,0.06613226452905811
8,1.0534531208647062,0.06813627254509018
8,1.0490041215366745,0.07014028056112225
8,1.04455505119982,0.0721442885771543
8,1.0401090582707109,0.07414829659318636
8,1.0356688592478913,0.07615230460921843
8,1.0312367559141231,0.0781563126252505
8,1.026991149354031,0.08016032064128256
8,1.0225844946243208,0.08216432865731463
8,1.0181904824132835,0.08416833667334668
8,1.0138099706828405,0.08617234468937875
8,1.0094435128392205,0.08817635270541081
8,1.0050913842055453,0.09018036072144288
8,1.0007536100241248,0.09218436873747494
8,0.9964299949503718,0.09418837675350701
8,0.9921201539662028,0.09619238476953906
8,0.9878235446005588,0.09819639278557113
8,0.9835395002980475,0.1002004008016032
8,0.979267264726306,0.10220440881763526
8,0.9750060267592139,0.10420841683366733
8,0.970754955818089,0.1062124248496994
8,0.9665132371975619,0.10821643286573146
8,0.9622801069488128,0.11022044088176351
8,0.9580548858419708,0.11222444889779558
8,0.9538370118841567,0.11422845691382764
8,0.9496260708325622,0.11623246492985971
8,0.9454218241162827,0.11823647294589178
8,0.9412242335694521,0.12024048096192384
8,0.937033482385101,0.1222444889779559
8,0.9325908681659211,0.12424849699398796
8,0.9284116577890471,0.12625250501002003
8,0.924241390852963,0.1282565130260521
8,0.9200812712940307,0.13026052104208416
8,0.9159327555655771,0.13226452905811623
8,0.9117975412950609,0.1342685370741483
8,0.9076775501066008,0.13627254509018036
8,0.9035749048894671,0.13827655310621242
8,0.8994919019710708,0.1402805611222445
8,0.895430978826461,0.14228456913827653
8,0.8913946781169657,0.1442885771543086
8,0.8873856089901668,0.14629258517034066
8,0.8834064066845719,0.14829659318637273
8,0.8794596915583935,0.1503006012024048
8,0.8755480286984867,0.15230460921843686
8,0.8716738892596422,0.15430861723446893
8,0.8678396146358448,0.156312625250501
8,0.8643450956069224,0.15831663326653306
8,0.8605970831712324,0.16032064128256512
8,0.856894660418893,0.1623246492985972
8,0.8532393945481882,0.16432865731462926
8,0.8496326181687339,0.16633266533066132
8,0.8460754258359239,0.16833667334669336
8,0.8425686770006863,0.17034068136272543
8,0.8391130051496983,0.1723446893787575
8,0.8357088327424471,0.17434869739478956
8,0.8323563914073754,0.17635270541082163
8,0.8290557467442046,0.1783567134268537
8,0.8258068269961832,0.18036072144288576
8,0.8226094548043879,0.18236472945891782
8,0.8194633812358879,0.1843687374749499
8,0.8163683212852235,0.18637274549098196
8,0.813323990080299,0.18837675350701402
8,0.8103301390750012,0.1903807615230461
8,0.8073865915755173,0.19238476953907813
8,0.804493277020857,0.1943887775551102
8,0.8016502635149736,0.19639278557114226
8,0.7988577881837358,0.19839679358717432
8,0.7961162850017347,0.2004008016032064
8,0.7934264097982917,0.20240480961923846
8,0.7907890622084875,0.20440881763527052
8,0.7882054043823193,0.2064128256513026
8,0.7856768763042137,0.20841683366733466
8,0.7832052076070731,0.21042084168336672
8,0.7807924257915118,0.2124248496993988
8,0.7784408607836973,0.21442885771543085
8,0.7761531457869044,0.21643286573146292
8,0.7739322144033196,0.21843687374749496
8,0.7717812940263455,0.22044088176352702
8,0.7697038955300767,0.2224448897795591
8,0.7677037993125834,0.22444889779559116
8,0.7657850377831099,0.22645290581162322
8,0.7639518744199993,0.2284569138276553
8,0.7622087795650242,0.23046092184368736
8,0.7605604031600066,0.23246492985971942
8,0.7590115446714407,0.2344689378757515
8,0.7575671204871904,0.23647294589178355
8,0.7562321291046751,0.23847695390781562
8,0.7550116144609059,0.24048096192384769
8,0.7539106277805727,0.24248496993987975
8,0.7529341883378601,0.2444889779559118
8,0.7519922506118656,0.24649298597194386
8,0.7512958586913042,0.24849699398797592
8,0.7507393275141125,0.250501002004008
8,0.7503271356618909,0.25250501002004005
8,0.750063525987797,0.2545090180360721
8,0.7499524684321037,0.2565130260521042
8,0.749997624569137,0.25851703406813625
8,0.7502023142092138,0.2605210420841683
8,0.750569484348494,0.2625250501002004
8,0.7511016807269089,0.26452905811623245
8,0.751801022219808,0.2665330661322645
8,0.7526691782533724,0.2685370741482966
8,0.753707349397501,0.27054108216432865
8,0.7549162512530827,0.2725450901803607
8,0.756296101713487,0.2745490981963928
8,0.7578466116430477,0.27655310621242485
8,0.7595669789780474,0.2785571142284569
8,0.7614558862189047,0.280561122244489
8,0.7635115012457365,0.282565130260521
8,0.7657314813539667,0.28456913827655306
8,0.7681129803726199,0.2865731462925851
8,0.7706526586961883,0.2885771543086172
8,0.7733466960328271,0.29058116232464926
8,0.7761908066478426,0.2925851703406813
8,0.7791802568640345,0.2945891783567134
8,0.7823098845702068,0.29659318637274545
8,0.7855741204881931,0.2985971943887775
8,0.7889670109573914,0.3006012024048096
8,0.792482242015821,0.30260521042084165
8,0.796113164587598,0.3046092184368737
8,0.7992744706884936,0.3066132264529058
8,0.8036939701339703,0.30861723446893785
8,0.8076291189696493,0.3106212424849699
8,0.8116505475559767,0.312625250501002
8,0.8151024609299888,0.31462925851703405
8,0.8192578658416988,0.3166332665330661
8,0.8234765184651499,0.3186372745490982
8,0.8277501440710974,0.32064128256513025
8,0.8320703984145159,0.3226452905811623
8,0.8364289047365737,0.3246492985971944
8,0.8408172930802074,0.32665330661322645
8,0.8452272421300219,0.3286573146292585
8,0.8496505237124783,0.3306613226452906
8,0.8540790499903852,0.33266533066132264
8,0.858504923258842,0.33466933867735466
8,0.8629204881027172,0.3366733466933867
8,0.8673183855142679,0.3386773547094188
8,0.8716916084017446,0.34068136272545085
8,0.8760335577539079,0.3426853707414829
8,0.8803380985709831,0.344689378757515
8,0.8845996145386725,0.34669338677354705
8,0.8888130603173865,0.3486973947895791
8,0.8929740102512347,0.3507014028056112
8,0.8970787022763885,0.35270541082164325
8,0.9011240758302189,0.3547094188376753
8,0.9051078026321012,0.3567134268537074
8,0.909028309323033,0.35871743486973945
8,0.9128847911103046,0.3607214428857715
8,0.9166772157595116,0.3627254509018036
8,0.920406317500583,0.36472945891783565
8,0.9240735806583837,0.3667334669338677
8,0.9276812130706492,0.3687374749498998
8,0.931232109605897,0.37074148296593185
8,0.9347298063315629,0.3727454909819639
8,0.9381784260977646,0.374749498997996
8,0.9415826164876042,0.37675350701402804
8,0.9449474812344572,0.3787575150300601
8,0.9482785063163732,0.3807615230460922
8,0.9515814820064481,0.38276553106212424
8,0.9548624221858252,0.38476953907815625
8,0.9581274822160253,0.3867735470941883
8,0.961382876623334,0.3887775551102204
8,0.964634797775768,0.39078156312625245
8,0.9678893366384078,0.3927855711422845
8,0.9711524065822166,0.3947895791583166
8,0.9744296711007634,0.39679358717434865
8,0.9777264761639973,0.3987975951903807
8,0.98104778781299,0.4008016032064128
8,0.9843981354780033,0.40280561122244485
8,0.9877815613866291,0.4048096192384769
8,0.991201576320817,0.406813627254509
8,0.9946611218818828,0.40881763527054105
8,0.9981625393311805,0.4108216432865731
8,1.0017075449907369,0.4128256513026052
8,1.0052972121124049,0.41482965931863724
8,1.0089319590558963,0.4168336673346693
8,1.01261154355497,0.4188376753507014
8,1.0163350627981493,0.42084168336673344
8,1.0201009590056462,0.4228456913827655
8,1.0239070301489674,0.4248496993987976
8,1.0277504454351458,0.42685370741482964
8,1.0316277651639623,0.4288577154308617
8,1.035534964565253,0.4308617234468938
8,1.0394674612336752,0.43286573146292584
8,1.0434201457997614,0.4348697394789579
8,1.0473874155071399,0.4368737474949899
8,1.0513632104035826,0.438877755511022
8,1.0553410518955877,0.44088176352705405
8,1.059314083457976,0.4428857715430861
8,1.063275113328075,0.4448897795591182
8,1.0672166590441101,0.44689378757515025
8,1.0711309937059446,0.4488977955911823
8,1.0750101938404015,0.4509018036072144
8,1.0788461887412593,0.45290581162324645
8,1.082630811124977,0.4549098196392785
8,1.0863558488982352,0.4569138276553106
8,1.0900130977745752,0.45891783567134264
8,1.093594414408429,0.4609218436873747
8,1.0970917696399738,0.4629258517034068
8,1.1004973013691965,0.46492985971943884
8,1.1038033665072924,0.4669338677354709
8,1.1070025913940835,0.468937875751503
8,1.1100879200259763,0.47094188376753504
8,1.113052659414175,0.4729458917835671
8,1.1158905213899626,0.4749498997995992
8,1.118595660194484,0.47695390781563124
8,1.1211627052335484,0.4789579158316633
8,1.123586788442876,0.48096192384769537
8,1.1258635657921396,0.48296593186372744
8,1.1279892325536753,0.4849699398797595
8,1.1299605320696562,0.48697394789579157
8,1.1317747578647255,0.4889779559118236
8,1.1338107401230684,0.49098196392785565
8,1.1352666441791552,0.4929859719438877
8,1.136560056670027,0.4949899799599198
8,1.1376904765598492,0.49699398797595185
8,1.1386578599047277,0.4989979959919839
8,1.1394625835480843,0.501002004008016
8,1.14010540415266,0.503006012024048
8,1.1405874132028482,0.5050100200400801
8,1.1409099886792602,0.5070140280561122
8,1.1410747441732276,0.5090180360721442
8,1.1410834762711177,0.5110220440881763
8,1.1409381110971595,0.5130260521042084
8,1.1406406509559635,0.5150300601202404
8,1.140193122059888,0.5170340681362725
8,1.1395975243570207,0.5190380761523046
8,1.1388557844890381,0.5210420841683366
8,1.1379697128989474,0.5230460921843687
8,1.136940966072971,0.5250501002004008
8,1.135771014834109,0.5270541082164328
8,1.134461119505759,0.5290581162324649
8,1.1330123126304532,0.531062124248497
8,1.1314253897637365,0.533066132264529
8,1.129700908669355,0.5350701402805611
8,1.1278391970253865,0.5370741482965932
8,1.1258403685194305,0.5390781563126252
8,1.123704346973729,0.5410821643286573
8,1.1214308979086511,0.5430861723446894
8,1.1190196667358052,0.5450901803607214
8,1.116470222580944,0.5470941883767535
8,1.1137821065805105,0.5490981963927856
8,1.110954883382378,0.5511022044088176
8,1.1079881945159078,0.5531062124248497
8,1.1048818122816662,0.5551102204408818
8,1.1016356928469118,0.5571142284569138
8,1.0982500273160696,0.5591182364729459
8,1.094725289670173,0.561122244488978
8,1.0910622806280985,0.56312625250501
8,1.0872621666650866,0.565130260521042
8,1.0833265136211496,0.567134268537074
8,1.0792573145313509,0.5691382765531061
8,1.0750570115026998,0.5711422845691382
8,1.0707285116383451,0.5731462925851702
8,1.0662751971618138,0.5751503006012023
8,1.061700930016889,0.5771543086172344
8,1.0570100513088079,0.5791583166332664
8,1.0522073760095265,0.5811623246492985
8,1.0472981833743866,0.5831663326653306
8,1.0422882035139762,0.5851703406813626
8,1.0371836005368769,0.5871743486973947
8,1.0319909526330207,0.5891783567134268
8,1.0267172294090736,0.5911823647294588
8,1.0213697667234363,0.5931863727454909
8,1.0159562392043082,0.595190380761523
8,1.010484630575141,0.597194388777555
8,1.0049632018616417,0.5991983967935871
8,0.9994004575157021,0.6012024048096192
8,0.9938051094662883,0.6032064128256512
8,0.9881860390956663,0.6052104208416833
8,0.9825522571412106,0.6072144288577154
8,0.97691286153727,0.6092184368737474
8,0.9712769932371972,0.6112224448897795
8,0.9673708812429446,0.6132264529058116
8,0.9600523388925236,0.6152304609218436
8,0.9544816257759192,0.6172344689378757
8,0.948950485163201,0.6192384769539078
8,0.9434675475646854,0.6212424849699398
8,0.9380411865636805,0.6232464929859719
8,0.9326794653974242,0.625250501002004
8,0.9273900836072861,0.627254509018036
8,0.9238055615741693,0.6292585170340681
8,0.9170570025958968,0.6312625250501002
8,0.913604117323241,0.6332665330661322
8,0.9070942972595887,0.6352705410821643
8,0.9037881955161403,0.6372745490981964
8,0.8975453122156726,0.6392785571142284
8,0.8943976266409176,0.6412825651302605
8,0.8884430601697378,0.6432865731462926
8,0.8854615669331419,0.6452905811623246
8,0.8798092102375941,0.6472945891783567
8,0.8769976188835098,0.6492985971943888
8,0.871653480617693,0.6513026052104208
8,0.8690113822219983,0.6533066132264529
8,0.8639735129307592,0.655310621242485
8,0.8614965040279841,0.657314629258517
8,0.8567552776437771,0.6593186372745491
8,0.8544352652896736,0.6613226452905812
8,0.8499740223975861,0.6633266533066132
8,0.8477997016318926,0.6653306613226453
8,0.8435957324416031,0.6673346693386772
8,0.8415532133196547,0.6693386773547093
8,0.837579030936445,0.6713426853707414
8,0.8356525803605338,0.6733466933867734
8,0.83187741289915,0.6753507014028055
8,0.8300502684754297,0.6773547094188376
8,0.8264416848819399,0.6793587174348696
8,0.8246968949186599,0.6813627254509017
8,0.8212224753397913,0.6833667334669338
8,0.8195437208302884,0.6853707414829658
8,0.8161726872727398,0.6873747494989979
8,0.8145450472787925,0.68937875751503
8,0.8112497817454185,0.691382765531062
8,0.8096604114181787,0.6933867735470941
8,0.8064178034326115,0.6953907815631262
8,0.8048565022601485,0.6973947895791582
8,0.8016490825205893,0.6993987975951903
8,0.8001087378887336,0.7014028056112224
8,0.7969255674701449,0.7034068136272544
8,0.7954024645256459,0.7054108216432865
8,0.7922397586964259,0.7074148296593186
8,0.7907337517872324,0.7094188376753506
8,0.7875952245993373,0.7114228456913827
8,0.7861097687809938,0.7134268537074148
8,0.783006690528422,0.7154308617234468
8,0.7815487345774483,0.7174348697394789
8,0.7784997006486047,0.719438877755511
8,0.7770794464416666,0.721442885771543
8,0.774109864263964,0.7234468937875751
8,0.7727404016506465,0.7254509018036072
8,0.7698817127429575,0.7274549098196392
8,0.7685785440807059,0.7294589178356713
8,0.7658672101304611,0.7314629258517034
8,0.7646476839676241,0.7334669338677354
8,0.7621239780113044,0.7354709418837675
8,0.7610066562567106,0.7374749498997996
8,0.7587133107869917,0.7394789579158316
8,0.7577172973294724,0.7414829659318637
8,0.7556980689102025,0.7434869739478958
8,0.7548423294659157,0.7454909819639278
8,0.7531405431207203,0.7474949899799599
8,0.7524432458149158,0.749498997995992
8,0.7511003816603633,0.751503006012024
8,0.7505782855523103,0.7535070140280561
8,0.7496326651463115,0.7555110220440882
8,0.7493005799227097,0.7575150300601202
8,0.7487862013940417,0.7595190380761523
8,0.7486565363013236,0.7615230460921844
8,0.7486020966110486,0.7635270541082164
8,0.748684510939167,0.7655310621242485
8,0.7491126417453601,0.7675350701402806
8,0.7494138033358356,0.7695390781563125
8,0.7503405349013622,0.7715430861723446
8,0.750863987639035,0.7735470941883766
8,0.7522984438065743,0.7755511022044087
8,0.7530445801392952,0.7775551102204408
8,0.754988897101049,0.7795591182364728
8,0.7559550274642091,0.7815631262525049
8,0.7584044801625479,0.783567134268537
8,0.759584987831863,0.785571142284569
8,0.7625283005106644,0.7875751503006011
8,0.7639148679036926,0.7895791583166332
8,0.7673346797533345,0.7915831663326652
8,0.7689165706007729,0.7935871743486973
8,0.7727900238494673,0.7955911823647294
8,0.7745544050556441,0.7975951903807614
8,0.7788538216007166,0.7995991983967935
8,0.7807861091273958,0.8016032064128256
8,0.7854797232293971,0.8036072144288576
8,0.787563938050804,0.8056112224448897
8,0.7926166569148595,0.8076152304609218
8,0.794835779957613,0.8096192384769538
8,0.8002099509675885,0.8116232464929859
8,0.8025462696955882,0.813627254509018
8,0.8082024417894289,0.81563126252505
8,0.8106378851699235,0.8176352705410821
8,0.816535560799094,0.8196392785571142
8,0.8190520229977818,0.8216432865731462
8,0.8251504042270673,0.8236472945891783
8,0.8277300596255495,0.8256513026052104
8,0.8339887950370298,0.8276553106212424
8,0.8366144072722552,0.8296593186372745
8,0.8429943438042493,0.8316633266533066
8,0.84564956911879,0.8336673346693386
8,0.8521135043369042,0.8356713426853707
8,0.8547831848370565,0.8376753507014028
8,0.861296601557751,0.8396793587174348
8,0.8639670379295782,0.8416833667334669
8,0.8704987874106768,0.843687374749499
8,0.8731579747351956,0.845691382765531
8,0.8796808608101412,0.8476953907815631
8,0.8823186670846968,0.8496993987975952
8,0.8888098759045916,0.8517034068136272
8,0.8914181422470511,0.8537074148296593
8,0.897859464069273,0.8557114228456913
8,0.9004320092219996,0.8577154308617234
8,0.9068098113692751,0.8597194388777555
8,0.9093423309243822,0.8617234468937875
8,0.9156472635256231,0.8637274549098196
8,0.9181371251238758,0.8657314629258517
8,0.9243635699891088,0.8677354709418837
8,0.9268095176698755,0.8697394789579158
8,0.9329548204558034,0.8717434869739479
8,0.9353566121020709,0.8737474949899798
8,0.9414201632560072,0.8757515030060119
8,0.9437781726897033,0.877755511022044
8,0.9497604190470627,0.879759519038076
8,0.9520752375437186,0.8817635270541081
8,0.9579767115796196,0.8837675350701402
8,0.9602487821719818,0.8857715430861722
8,0.9660692300315972,0.8877755511022043
8,0.9682985427283296,0.8897795591182364
8,0.9740362177686213,0.8917835671342684
8,0.9762220861569225,0.8937875751503005
8,0.9818732555467068,0.8957915831663326
8,0.9840141867761278,0.8977955911823646
8,0.989572878422876,0.8997995991983967
8,0.9916665405722804,0.9018036072144288
8,0.997124538874735,0.9038076152304608
8,0.9991678228604827,0.9058116232464929
8,1.004514905501052,0.907815631262525
8,1.0065040730172339,0.909819639278557
8,1.01172846673665,0.9118236472945891
8,1.0136593708285897,0.9138276553106212
8,1.0187483907228787,0.9158316633266532
8,1.0206167510394042,0.9178356713426853
8,1.0255575745860273,0.9198396793587174
8,1.027359285013991,0.9218436873747494
8,1.032139799142879,0.9238476953907815
8,1.0338712418034148,0.9258517034068136
8,1.0384808906969756,0.9278557114228456
8,1.040139228047872,0.9298597194388777
8,1.04456978381691,0.9318637274549098
8,1.046153200898738,0.9338677354709418
8,1.0503993816995734,0.9358717434869739
8,1.0519072541600534,0.937875751503006
8,1.0559671263884405,0.939879759519038
8,1.0574000969391872,0.9418837675350701
8,1.06127521946222,0.9438877755511021
8,1.0626351751274927,0.9458917835671342
8,1.0663304713191446,0.9478957915831663
8,1.0676204247218148,0.9498997995991983
8,1.0711437976989673,0.9519038076152304
8,1.0723676857743145,0.9539078156312625
8,1.075729418322835,0.9559118236472945
8,1.0768918394315112,0.9579158316633266
8,1.0801038380257648,0.9599198396793587
8,1.08120975221945,0.9619238476953907
8,1.0842847015998722,0.9639278557114228
8,1.0853391184486219,0.9659318637274549
8,1.0882896093622385,0.9679358717434869
8,1.089297283898949,0.969939879759519
8,1.0921349642156768,0.9719438877755511
8,1.0931001155171483,0.9739478957915831
8,1.0958348980179806,0.9759519038076151
8,1.096760958346924,0.9779559118236472
8,1.098541381815803,0.9799599198396792
8,1.101134857207683,0.9819639278557113
8,1.1020064665509925,0.9839679358717434
8,1.1045097001747073,0.9859719438877754
8,1.1053460020953105,0.9879759519038075
8,1.107757654437464,0.9899799599198396
8,1.1085578079991674,0.9919839679358716
8,1.110872130442973,0.9939879759519037
8,1.1116337549043973,0.9959919839679358
8,1.1138401773645665,0.9979959919839678
8,1.1145592588506137,1.0
10,1.1602177458283396,0.0
10,1.160029406790615,0.002004008016032064
10,1.159465607466574,0.004008016032064128
10,1.1585299844571981,0.0060120240480961915
10,1.1572285431420188,0.008016032064128256
10,1.1555695751712334,0.01002004008016032
10,1.1535635447865766,0.012024048096192383
10,1.1512054152045665,0.014028056112224447
10,1.1485621312386702,0.01603206412825651
10,1.1455971191081455,0.018036072144288574
10,1.1423453761490878,0.02004008016032064
10,1.1388255843692063,0.022044088176352703
10,1.135057393518855,0.024048096192384766
10,1.1310078031554833,0.026052104208416832
10,1.1267974856874905,0.028056112224448895
10,1.1224008561973258,0.03006012024048096
10,1.1179130097373124,0.03206412825651302
10,1.113213304309572,0.03406813627254509
10,1.1083889503803857,0.03607214428857715
10,1.1034592370453544,0.038076152304609215
10,1.0984424967983002,0.04008016032064128
10,1.0933559406373512,0.04208416833667334
10,1.0882155217244054,0.044088176352705406
10,1.0830358290527715,0.04609218436873747
10,1.0778300116137423,0.04809619238476953
10,1.0724791313888984,0.0501002004008016
10,1.067249337306809,0.052104208416833664
10,1.0620241239281325,0.05410821643286573
10,1.0568106827988066,0.05611222444889779
10,1.0516147973826873,0.058116232464929855
10,1.046440916975839,0.06012024048096192
10,1.0412922454863673,0.06212424849699398
10,1.0363341283226628,0.06412825651302605
10,1.0312451804818732,0.06613226452905811
10,1.026184581347271,0.06813627254509018
10,1.021151660943696,0.07014028056112225
10,1.0161450684408189,0.0721442885771543
10,1.0111628924226137,0.07414829659318636
10,1.0062027793390733,0.07615230460921843
10,1.0012620486506139,0.0781563126252505
10,0.9963378033324533,0.08016032064128256
10,0.9914270345528676,0.08216432865731463
10,0.9865267194896733,0.08416833667334668
10,0.9816339114150808,0.08617234468937875
10,0.9767458213682353,0.08817635270541081
10,0.9718598909481037,0.09018036072144288
10,0.9669738559923016,0.09218436873747494
10,0.9620858011459719,0.09418837675350701
10,0.957194205552065,0.09619238476953906
10,0.9520579330377371,0.09819639278557113
10,0.9471512798044437,0.1002004008016032
10,0.9422392187503945,0.10220440881763526
10,0.9373221300560021,0.10420841683366733
10,0.9324009038512149,0.1062124248496994
10,0.9274769430405587,0.10821643286573146
10,0.9225521600432629,0.11022044088176351
10,0.9176289670857705,0.11222444889779558
10,0.912710259390867,0.11422845691382764
10,0.9077993903800847,0.11623246492985971
10,0.9029001378902147,0.11823647294589178
10,0.8980166604398423,0.12024048096192384
10,0.8931534427893547,0.1222444889779559
10,0.8883152304235669,0.12424849699398796
10,0.8835069531302474,0.12625250501002003
10,0.8790376818043207,0.1282565130260521
10,0.8740003170072774,0.13026052104208416
10,0.8696195670393527,0.13226452905811623
10,0.8646731788234976,0.1342685370741483
10,0.8603981630213704,0.13627254509018036
10,0.8555619398443179,0.13827655310621242
10,0.8514071396341997,0.1402805611222445
10,0.8466965454126046,0.14228456913827653
10,0.842672384190334,0.1442885771543086
10,0.8380977631357205,0.14629258517034066
10,0.8342096709859618,0.14829659318637273
10,0.8297753758580704,0.1503006012024048
10,0.8260233922188012,0.15230460921843686
10,0.8217275685510833,0.15430861723446893
10,0.8181065362037336,0.156312625250501
10,0.8139415808276609,0.15831663326653306
10,0.8104418832772702,0.16032064128256512
10,0.8063954838706483,0.1623246492985972
10,0.8030041945399601,0.16432865731462926
10,0.7990607745700108,0.16633266533066132
10,0.7957630380402309,0.16833667334669336
10,0.7919053940751961,0.17034068136272543
10,0.7886858534916834,0.1723446893787575
10,0.7848967823269661,0.17434869739478956
10,0.7817408988928553,0.17635270541082163
10,0.7780046615109488,0.1783567134268537
10,0.7748998289018058,0.18036072144288576
10,0.7712033691634347,0.18236472945891782
10,0.7681397894091625,0.1843687374749499
10,0.764473694934768,0.18637274549098196
10,0.7614450336217187,0.18837675350701402
10,0.7578042733859883,0.1903807615230461
10,0.7548081367293885,0.19238476953907813
10,0.7511926220972652,0.1943887775551102
10,0.7479103029518699,0.19639278557114226
10,0.7449678795220929,0.19839679358717432
10,0.7414018494103821,0.2004008016032064
10,0.7385050818299035,0.20240480961923846
10,0.734987981473252,0.20440881763527052
10,0.7318262582014645,0.2064128256513026
10,0.7287010861124867,0.20841683366733466
10,0.7259392375961956,0.21042084168336672
10,0.7225830026036166,0.2124248496993988
10,0.7196026611578299,0.21442885771543085
10,0.7166839129355181,0.21643286573146292
10,0.7141408267078693,0.21843687374749496
10,0.7110607945715564,0.22044088176352702
10,0.7083719389681921,0.2224448897795591
10,0.7057755830090305,0.22444889779559116
10,0.7035563500887091,0.22645290581162322
10,0.7008932321793153,0.2284569138276553
10,0.6986237901499189,0.23046092184368736
10,0.6964798486240227,0.23246492985971942
10,0.6946973827867523,0.2344689378757515
10,0.6926010198147252,0.23647294589178355
10,0.6908820604071476,0.23847695390781562
10,0.6893203817846637,0.24048096192384769
10,0.688083301412938,0.24248496993987975
10,0.6866984025100588,0.2444889779559118
10,0.6856521752072777,0.24649298597194386
10,0.6847913133278192,0.24849699398797592
10,0.6841949278480018,0.250501002004008
10,0.6836501070264174,0.25250501002004005
10,0.6833809664446415,0.2545090180360721
10,0.6833156474492094,0.2565130260521042
10,0.6834387797586069,0.25851703406813625
10,0.6838370521519621,0.2605210420841683
10,0.6844232886097437,0.2625250501002004
10,0.6851123218587749,0.26452905811623245
10,0.6861143106132138,0.2665330661322645
10,0.6875231164666841,0.2685370741482966
10,0.689008298374178,0.27054108216432865
10,0.6904742415015246,0.2725450901803607
10,0.6923792927157268,0.2745490981963928
10,0.6948198317398889,0.27655310621242485
10,0.6972038843718841,0.2785571142284569
10,0.6994296851519672,0.280561122244489
10,0.7022146195410207,0.282565130260521
10,0.7056516448681669,0.28456913827655306
10,0.7088828369300618,0.2865731462925851
10,0.7118060597986587,0.2885771543086172
10,0.7153932222658628,0.29058116232464926
10,0.7197268598078966,0.2925851703406813
10,0.7236961233535236,0.2945891783567134
10,0.7272056545693064,0.29659318637274545
10,0.7314590070348378,0.2985971943887775
10,0.7365208397755787,0.3006012024048096
10,0.7410606780432746,0.30260521042084165
10,0.7449980589411767,0.3046092184368737
10,0.7497254706516094,0.3066132264529058
10,0.7552830528301449,0.30861723446893785
10,0.7601750730780578,0.3106212424849699
10,0.7643440437001139,0.312625250501002
10,0.7693104263019362,0.31462925851703405
10,0.7750859548033235,0.3166332665330661
10,0.7800817277428013,0.3186372745490982
10,0.7842694062809772,0.32064128256513025
10,0.7892244460494996,0.3226452905811623
10,0.7949310758491929,0.3246492985971944
10,0.7997877167314275,0.32665330661322645
10,0.8037970367176137,0.3286573146292585
10,0.8085158171729769,0.3306613226452906
10,0.8139074666202558,0.33266533066132264
10,0.8184317459035539,0.33466933867735466
10,0.8221180125114196,0.3366733466933867
10,0.8264444604748504,0.3386773547094188
10,0.831365168381028,0.34068136272545085
10,0.835452289230408,0.3426853707414829
10,0.8387514273190235,0.344689378757515
10,0.8426292789761669,0.34669338677354705
10,0.8470441549340811,0.3486973947895791
10,0.8506967143209675,0.3507014028056112
10,0.8536346229736349,0.35270541082164325
10,0.8571147220870887,0.3547094188376753
10,0.8611121197861766,0.3567134268537074
10,0.8644338981648929,0.35871743486973945
10,0.8671153468818725,0.3607214428857715
10,0.8703394470600527,0.3627254509018036
10,0.8741074128535148,0.36472945891783565
10,0.8772774807030134,0.3667334669338677
10,0.8798607990042342,0.3687374749498998
10,0.8830296629820321,0.37074148296593185
10,0.8868157960048627,0.3727454909819639
10,0.8900507729531133,0.374749498997996
10,0.8927145491213813,0.37675350701402804
10,0.8960465561706519,0.3787575150300601
10,0.9001070543388062,0.3807615230460922
10,0.9036157681757303,0.38276553106212424
10,0.906520884474567,0.38476953907815625
10,0.9102049137790608,0.3867735470941883
10,0.9147477829454551,0.3887775551102204
10,0.9186838369611695,0.39078156312625245
10,0.9227403992573698,0.3927855711422845
10,0.9260874239136068,0.3947895791583166
10,0.930361332928833,0.39679358717434865
10,0.9356464895018023,0.3987975951903807
10,0.9401898985518801,0.4008016032064128
10,0.9439035767940951,0.40280561122244485
10,0.9486438910939167,0.4048096192384769
10,0.9544813767855141,0.406813627254509
10,0.9594407955348143,0.40881763527054105
10,0.9634437678556222,0.4108216432865731
10,0.9695954607720264,0.4128256513026052
10,0.9747680916806609,0.41482965931863724
10,0.9799879933408318,0.4168336673346693
10,0.9841430765527327,0.4188376753507014
10,0.9894101200323335,0.42084168336673344
10,0.9958017906790848,0.4228456913827655
10,1.0010804423086803,0.4248496993987976
10,1.0052237451810906,0.42685370741482964
10,1.0115706660224648,0.4288577154308617
10,1.016757334618309,0.4308617234468938
10,1.0218893273735468,0.43286573146292584
10,1.025863480711821,0.4348697394789579
10,1.0308663198531574,0.4368737474949899
10,1.036851618793986,0.438877755511022
10,1.041663417823844,0.44088176352705405
10,1.0453431505370347,0.4428857715430861
10,1.0509772855046937,0.4448897795591182
10,1.0554673302979616,0.44689378757515025
10,1.0598397542382902,0.4488977955911823
10,1.0631461380805727,0.4509018036072144
10,1.0672975559114002,0.45290581162324645
10,1.0722206367813076,0.4549098196392785
10,1.0760965475691284,0.4569138276553106
10,1.0789995574199711,0.45891783567134264
10,1.083470667015844,0.4609218436873747
10,1.0869711229647836,0.4629258517034068
10,1.0903497159183928,0.46492985971943884
10,1.0928608406782763,0.4669338677354709
10,1.0960274404244457,0.468937875751503
10,1.0990803330697374,0.47094188376753504
10,1.10270156192518,0.4729458917835671
10,1.1048583852310219,0.4749498997995992
10,1.1082255051429206,0.47695390781563124
10,1.1108358276205426,0.4789579158316633
10,1.1133487054016973,0.48096192384769537
10,1.1151928243306672,0.48296593186372744
10,1.1175367070459954,0.4849699398797595
10,1.1197874805993189,0.48697394789579157
10,1.1224573855562399,0.4889779559118236
10,1.1240086859389427,0.49098196392785565
10,1.1264450081222868,0.4929859719438877
10,1.1282898596591182,0.4949899799599198
10,1.1300296397947593,0.49699398797595185
10,1.1316585649038298,0.4989979959919839
10,1.132803748199746,0.501002004008016
10,1.1342199605941454,0.503006012024048
10,1.135805532496107,0.5050100200400801
10,1.136646013127231,0.5070140280561122
10,1.1378613921003882,0.5090180360721442
10,1.1386446422529486,0.5110220440881763
10,1.139112203646446,0.5130260521042084
10,1.1396626403979357,0.5150300601202404
10,1.1398388359505267,0.5170340681362725
10,1.1398903715998516,0.5190380761523046
10,1.1396349543414712,0.5210420841683366
10,1.1393098264518493,0.5230460921843687
10,1.138441301540237,0.5250501002004008
10,1.1374592476343326,0.5270541082164328
10,1.1365644620240154,0.5290581162324649
10,1.1346787969124195,0.531062124248497
10,1.1333754159167158,0.533066132264529
10,1.1313519859834515,0.5350701402805611
10,1.1283658114450676,0.5370741482965932
10,1.1264259866682316,0.5390781563126252
10,1.122684373126946,0.5410821643286573
10,1.1194002731069694,0.5430861723446894
10,1.1168244534579346,0.5450901803607214
10,1.111960484041574,0.5470941883767535
10,1.1089780967827993,0.5490981963927856
10,1.104639667513164,0.5511022044088176
10,1.0987210004759616,0.5531062124248497
10,1.0951800191534484,0.5551102204408818
10,1.0886245310455323,0.5571142284569138
10,1.083234181456049,0.5591182364729459
10,1.0792219102485847,0.561122244488978
10,1.0734899218094016,0.56312625250501
10,1.0675790993298337,0.565130260521042
10,1.0615069734941303,0.567134268537074
10,1.0535027097535352,0.5691382765531061
10,1.0489509129135828,0.5711422845691382
10,1.040642405296428,0.5731462925851702
10,1.0340776450685805,0.5751503006012023
10,1.0293604855640497,0.5771543086172344
10,1.02270040237676,0.5791583166332664
10,1.0160041128454274,0.5811623246492985
10,1.0092880061372167,0.5831663326653306
10,1.0006068401102794,0.5851703406813626
10,0.9958582722582674,0.5871743486973947
10,0.9872149711058799,0.5891783567134268
10,0.9825269229368955,0.5911823647294588
10,0.9759305131963902,0.5931863727454909
10,0.9674683119492479,0.595190380761523
10,0.9629329400514351,0.597194388777555
10,0.9546607750163429,0.5991983967935871
10,0.9483917324297482,0.6012024048096192
10,0.9440667496327679,0.6032064128256512
10,0.9361598218633199,0.6052104208416833
10,0.9319981083177278,0.6072144288577154
10,0.9261337208981186,0.6092184368737474
10,0.9186599701916676,0.6112224448897795
10,0.9147646198014967,0.6132264529058116
10,0.9076020083614412,0.6152304609218436
10,0.9022614731991988,0.6172344689378757
10,0.898643332518327,0.6192384769539078
10,0.8919585791942943,0.6212424849699398
10,0.8885234320368184,0.6232464929859719
10,0.8836484317165729,0.625250501002004
10,0.8774292776056276,0.627254509018036
10,0.8742550761574087,0.6292585170340681
10,0.8683262410059641,0.6312625250501002
10,0.8639368875971718,0.6332665330661322
10,0.8609960021989607,0.6352705410821643
10,0.8554552023468391,0.6372745490981964
10,0.852649352225332,0.6392785571142284
10,0.848605134590261,0.6412825651302605
10,0.8433794671169405,0.6432865731462926
10,0.8407402752267246,0.6452905811623246
10,0.8356786456544589,0.6472945891783567
10,0.8319113459494607,0.6492985971943888
10,0.829393532592157,0.6513026052104208
10,0.8245072365899251,0.6533066132264529
10,0.8220461636049144,0.655310621242485
10,0.8184175351624848,0.657314629258517
10,0.8136282162203502,0.6593186372745491
10,0.8112208812457355,0.6613226452905812
10,0.8064600814039645,0.6633266533066132
10,0.8028874749637577,0.6653306613226453
10,0.8005051484815605,0.6673346693386772
10,0.7957482618405776,0.6693386773547093
10,0.7933723664006421,0.6713426853707414
10,0.7898023789631139,0.6733466933867734
10,0.7850229622496612,0.6753507014028055
10,0.7826499224549932,0.6773547094188376
10,0.7778516228613304,0.6793587174348696
10,0.7742604276288612,0.6813627254509017
10,0.7718913469320446,0.6833667334669338
10,0.767073584808263,0.6853707414829658
10,0.7647123156673357,0.6873747494989979
10,0.7611271971733293,0.68937875751503
10,0.7563167486156999,0.691382765531062
10,0.7539812554029077,0.6933867735470941
10,0.7491994100325028,0.6953907815631262
10,0.7456697318127186,0.6973947895791582
10,0.7433844109887832,0.6993987975951903
10,0.7386948241383693,0.7014028056112224
10,0.7364607295590654,0.7034068136272544
10,0.7330594725262428,0.7054108216432865
10,0.7285380049457393,0.7074148296593186
10,0.7264133744676785,0.7094188376753506
10,0.7220545683954944,0.7114228456913827
10,0.7189230930549136,0.7134268537074148
10,0.7169526860439589,0.7154308617234468
10,0.7129230903492342,0.7174348697394789
10,0.7110821549252444,0.719438877755511
10,0.7083037807565125,0.721442885771543
10,0.7047105588670639,0.7234468937875751
10,0.7031036606026185,0.7254509018036072
10,0.6998597560059149,0.7274549098196392
10,0.6976456831737576,0.7294589178356713
10,0.6963167524927592,0.7314629258517034
10,0.6936762194081463,0.7334669338677354
10,0.6925531513518204,0.7354709418837675
10,0.6909185007426788,0.7374749498997996
10,0.68895996784477,0.7394789579158316
10,0.6881685477706393,0.7414829659318637
10,0.6866965892232015,0.7434869739478958
10,0.685839076716581,0.7454909819639278
10,0.685395650606102,0.7474949899799599
10,0.6846814921090458,0.749498997995992
10,0.6844728032459669,0.751503006012024
10,0.6842909772521719,0.7535070140280561
10,0.6843441398158121,0.7555110220440882
10,0.6844827685950629,0.7575150300601202
10,0.6850405348321956,0.7595190380761523
10,0.685658661124653,0.7615230460921844
10,0.6861299217454553,0.7635270541082164
10,0.6874192507413462,0.7655310621242485
10,0.6881003763271627,0.7675350701402806
10,0.6893363779553512,0.7695390781563125
10,0.6913145742442525,0.7715430861723446
10,0.6922894598706646,0.7735470941883766
10,0.6946995933239205,0.7755511022044087
10,0.6966158379090963,0.7775551102204408
10,0.6978583748140611,0.7795591182364728
10,0.7008754370904547,0.7815631262525049
10,0.7022828013593742,0.783567134268537
10,0.7056796802393999,0.785571142284569
10,0.7082777454284553,0.7875751503006011
10,0.7099150664267372,0.7895791583166332
10,0.7138519713002034,0.7915831663326652
10,0.7156334621943113,0.7935871743486973
10,0.718675143615518,0.7955911823647294
10,0.7231275737859072,0.7975951903807614
10,0.7251159074811565,0.7995991983967935
10,0.7299044835689004,0.8016032064128256
10,0.7334684157312142,0.8036072144288576
10,0.7356566773467998,0.8056112224448897
10,0.7409451651107516,0.8076152304609218
10,0.7432644612544106,0.8096192384769538
10,0.7472417416207399,0.8116232464929859
10,0.7530287365263587,0.813627254509018
10,0.7555416460013932,0.81563126252505
10,0.7616592247242823,0.8176352705410821
10,0.7661446970556598,0.8196392785571142
10,0.7688454323543893,0.8216432865731462
10,0.7754489884522837,0.8236472945891783
10,0.7802635054505532,0.8256513026052104
10,0.7831403979348057,0.8276553106212424
10,0.7902019600168679,0.8296593186372745
10,0.7931852980395399,0.8316633266533066
10,0.8005241304544346,0.8336673346693386
10,0.8058152279380905,0.8356713426853707
10,0.8089329470055161,0.8376753507014028
10,0.8166219418254586,0.8396793587174348
10,0.8198065829549664,0.8416833667334669
10,0.82533038247928,0.843687374749499
10,0.8332593595422405,0.845691382765531
10,0.83650041451966,0.8476953907815631
10,0.8445114373485997,0.8496993987975952
10,0.8501490934712899,0.8517034068136272
10,0.8533837912198153,0.8537074148296593
10,0.8613812965758131,0.8557114228456913
10,0.8669484238246863,0.8577154308617234
10,0.8701074593633176,0.8597194388777555
10,0.8779160137689044,0.8617234468937875
10,0.8809861660035102,0.8637274549098196
10,0.8885729783109283,0.8657314629258517
10,0.8915259758501002,0.8677354709418837
10,0.8966390170091861,0.8697394789579158
10,0.9037668993787433,0.8717434869739479
10,0.9065003562015301,0.8737474949899798
10,0.9112319585291577,0.8757515030060119
10,0.9177869654188066,0.877755511022044
10,0.9202661788006475,0.879759519038076
10,0.9264036514210229,0.8817635270541081
10,0.9304864186781904,0.8837675350701402
10,0.932701125907684,0.8857715430861722
10,0.9382071761004978,0.8877755511022043
10,0.9418528992410642,0.8897795591182364
10,0.9438188519879488,0.8917835671342684
10,0.9487467373936975,0.8937875751503005
10,0.9505676868562671,0.8957915831663326
10,0.9551703097426546,0.8977955911823646
10,0.956870108051429,0.8997995991983967
10,0.9598828490684721,0.9018036072144288
10,0.9641251920338257,0.9038076152304608
10,0.9656978902772565,0.9058116232464929
10,0.9685288912969454,0.907815631262525
10,0.9725938404544734,0.909819639278557
10,0.9741124924244622,0.9118236472945891
10,0.9781680329226297,0.9138276553106212
10,0.9809782895090793,0.9158316633266532
10,0.9825159951396902,0.9178356713426853
10,0.9853817650858523,0.9198396793587174
10,0.9896662235581134,0.9218436873747494
10,0.9912868498593632,0.9238476953907815
10,0.9957903820130056,0.9258517034068136
10,0.9974934618948638,0.9278557114228456
10,1.0022660754656978,0.9298597194388777
10,1.0040657281993992,0.9318637274549098
10,1.0075019959687914,0.9338677354709418
10,1.0127309012458285,0.9358717434869739
10,1.0146857652821917,0.937875751503006
10,1.0184324020986262,0.939879759519038
10,1.022278766326117,0.9418837675350701
10,1.0262202126783888,0.9438877755511021
10,1.0321818599832862,0.9458917835671342
10,1.036332902176899,0.9478957915831663
10,1.038545906364142,0.9498997995991983
10,1.0427917708132013,0.9519038076152304
10,1.049148294483131,0.9539078156312625
10,1.0514237631575416,0.9559118236472945
10,1.0578748096257713,0.9579158316633266
10,1.0601580017041181,0.9599198396793587
10,1.0666230770221377,0.9619238476953907
10,1.068884586884527,0.9639278557114228
10,1.0732091445662375,0.9659318637274549
10,1.0795352544669847,0.9679358717434869
10,1.081708194078502,0.969939879759519
10,1.0858539449484181,0.9719438877755511
10,1.0899117688653046,0.9739478957915831
10,1.0938680570885448,0.9759519038076151
10,1.0995392019128725,0.9779559118236472
10,1.1014239166696407,0.9799599198396792
10,1.1049987758026902,0.9819639278557113
10,1.1100457455524781,0.9839679358717434
10,1.1132280296292325,0.9859719438877754
10,1.1162334313081363,0.9879759519038075
10,1.1190528580578494,0.9899799599198396
10,1.1204042834544707,0.9919839679358716
10,1.1241011740819578,0.9939879759519037
10,1.1263157057851845,0.9959919839679358
10,1.1283155923549102,0.9979959919839678
10,1.1300957020792624,1.0
