L,g,h,long_mag
9,0.0,-0.029999999999999995,-1.0
9,0.0,-0.021933884439777857,-1.0
9,0.0,-0.016036509553917645,-0.999999999999996
9,0.0,-0.011724764912434108,-1.0
9,0.0,-0.008572321289096402,-1.0
9,0.0,-0.006267476817856269,-0.999999999999998
9,0.0,-0.004582337075061536,-0.999999999999999
9,0.0,-0.003350281728950314,-1.0
9,0.0,-0.0024494897427831787,-1.0
9,0.0,-0.001790894165154248,-0.999999999999999
9,0.0,-0.0013093755220788574,-0.999999999999998
9,0.0,-0.0009573230463183821,-0.999999999999999
9,0.0,-0.0006999271023161168,-1.0
9,0.0,-0.0005117373392823427,-1.0
9,0.0,-0.00037414625544461,-0.999999999999999
9,0.0,-0.00027354935768325616,-1.0
9,0.0,-0.00020000000000000004,-0.999999999999999
9,0.0,0.00020000000000000004,0.999999999999998
9,0.0,0.00027354935768325616,1.0
9,0.0,0.00037414625544461,0.999999999999995
9,0.0,0.0005117373392823427,0.999999999999998
9,0.0,0.0006999271023161168,1.0
9,0.0,0.0009573230463183821,0.999999999999997
9,0.0,0.0013093755220788574,0.999999999999999
9,0.0,0.001790894165154248,1.0
9,0.0,0.0024494897427831787,0.999999999999999
9,0.0,0.003350281728950314,1.0
9,0.0,0.004582337075061536,1.0
9,0.0,0.006267476817856269,0.999999999999999
9,0.0,0.008572321289096402,0.999999999999998
9,0.0,0.011724764912434108,1.0
9,0.0,0.016036509553917645,1.0
9,0.0,0.021933884439777857,0.999999999999999
9,0.0,0.029999999999999995,0.999999999999999
9,0.1,-0.029999999999999995,-0.998781749140999
9,0.1,-0.021933884439777857,-0.998771900573195
9,0.1,-0.016036509553917645,-0.998764622921221
9,0.1,-0.011724764912434108,-0.998759260283362
9,0.1,-0.008572321289096402,-0.998755316981768
9,0.1,-0.006267476817856269,-0.998752421796753
9,0.1,-0.004582337075061536,-0.998750298529503
9,0.1,-0.003350281728950314,-0.998748742652229
9,0.1,-0.0024494897427831787,-0.998747603231688
9,0.1,-0.001790894165154248,-0.998746769164661
9,0.1,-0.0013093755220788574,-0.998746158816682
9,0.1,-0.0009573230463183821,-0.998745712285936
9,0.1,-0.0006999271023161168,-0.998745385660417
9,0.1,-0.0005117373392823427,-0.998745146772654
9,0.1,-0.00037414625544461,-0.998744972070803
9,0.1,-0.00027354935768325616,-0.998744844317615
9,0.1,-0.00020000000000000004,-0.998744750900922
9,0.1,0.00020000000000000004,0.99874475090092
9,0.1,0.00027354935768325616,0.998744844317617
9,0.1,0.00037414625544461,0.998744972070801
9,0.1,0.0005117373392823427,0.998745146772655
9,0.1,0.0006999271023161168,0.99874538566042
9,0.1,0.0009573230463183821,0.998745712285935
9,0.1,0.0013093755220788574,0.99874615881668
9,0.1,0.001790894165154248,0.998746769164661
9,0.1,0.0024494897427831787,0.998747603231692
9,0.1,0.003350281728950314,0.998748742652224
9,0.1,0.004582337075061536,0.998750298529497
9,0.1,0.006267476817856269,0.998752421796751
9,0.1,0.008572321289096402,0.998755316981767
9,0.1,0.011724764912434108,0.99875926028336
9,0.1,0.016036509553917645,0.998764622921218
9,0.1,0.021933884439777857,0.998771900573189
9,0.1,0.029999999999999995,0.998781749141
9,0.2,-0.029999999999999995,-0.995066578159401
9,0.2,-0.021933884439777857,-0.995025311083315
9,0.2,-0.016036509553917645,-0.994994787965502
9,0.2,-0.011724764912434108,-0.994972280801104
9,0.2,-0.008572321289096402,-0.99495572199509
9,0.2,-0.006267476817856269,-0.994943559763888
9,0.2,-0.004582337075061536,-0.994934637695409
9,0.2,-0.003350281728950314,-0.994928098451171
9,0.2,-0.0024494897427831787,-0.994923308803563
9,0.2,-0.001790894165154248,-0.994919802331891
9,0.2,-0.0013093755220788574,-0.994917236166452
9,0.2,-0.0009573230463183821,-0.994915358626147
9,0.2,-0.0006999271023161168,-0.994913985158475
9,0.2,-0.0005117373392823427,-0.994912980531707
9,0.2,-0.00037414625544461,-0.994912245694314
9,0.2,-0.00027354935768325616,-0.994911708095206
9,0.2,-0.00020000000000000004,-0.994911314553268
9,0.2,0.00020000000000000004,0.994911314553267
9,0.2,0.00027354935768325616,0.994911708095204
9,0.2,0.00037414625544461,0.994912245694319
9,0.2,0.0005117373392823427,0.994912980531707
9,0.2,0.0006999271023161168,0.994913985158481
9,0.2,0.0009573230463183821,0.994915358626145
9,0.2,0.0013093755220788574,0.994917236166451
9,0.2,0.001790894165154248,0.994919802331886
9,0.2,0.0024494897427831787,0.994923308803567
9,0.2,0.003350281728950314,0.994928098451166
9,0.2,0.004582337075061536,0.994934637695409
9,0.2,0.006267476817856269,0.994943559763883
9,0.2,0.008572321289096402,0.99495572199509
9,0.2,0.011724764912434108,0.994972280801103
9,0.2,0.016036509553917645,0.994994787965501
9,0.2,0.021933884439777857,0.995025311083315
9,0.2,0.029999999999999995,0.995066578159398
9,0.30000000000000004,-0.029999999999999995,-0.988662646932986
9,0.30000000000000004,-0.021933884439777857,-0.988562028470834
9,0.30000000000000004,-0.016036509553917645,-0.988487474808499
9,0.30000000000000004,-0.011724764912434108,-0.988432427275763
9,0.30000000000000004,-0.008572321289096402,-0.988391887693267
9,0.30000000000000004,-0.006267476817856269,-0.988362089393283
9,0.30000000000000004,-0.004582337075061536,-0.988340216681282
9,0.30000000000000004,-0.003350281728950314,-0.988324176944261
9,0.30000000000000004,-0.0024494897427831787,-0.988312421172233
9,0.30000000000000004,-0.001790894165154248,-0.988303805383977
9,0.30000000000000004,-0.0013093755220788574,-0.988297484813921
9,0.30000000000000004,-0.0009573230463183821,-0.988292833215301
9,0.30000000000000004,-0.0006999271023161168,-0.988289380391905
9,0.30000000000000004,-0.0005117373392823427,-0.988286761538041
9,0.30000000000000004,-0.00037414625544461,-0.988284671679388
9,0.30000000000000004,-0.00027354935768325616,-0.988282816861279
9,0.30000000000000004,-0.00020000000000000004,-0.988280849695916
9,0.30000000000000004,0.00020000000000000004,0.988280849695924
9,0.30000000000000004,0.00027354935768325616,0.988282816861274
9,0.30000000000000004,0.00037414625544461,0.988284671679383
9,0.30000000000000004,0.0005117373392823427,0.98828676153804
9,0.30000000000000004,0.0006999271023161168,0.98828938039191
9,0.30000000000000004,0.0009573230463183821,0.988292833215297
9,0.30000000000000004,0.0013093755220788574,0.988297484813922
9,0.30000000000000004,0.001790894165154248,0.988303805383973
9,0.30000000000000004,0.0024494897427831787,0.988312421172235
9,0.30000000000000004,0.003350281728950314,0.988324176944264
9,0.30000000000000004,0.004582337075061536,0.988340216681284
9,0.30000000000000004,0.006267476817856269,0.988362089393284
9,0.30000000000000004,0.008572321289096402,0.988391887693268
9,0.30000000000000004,0.011724764912434108,0.988432427275767
9,0.30000000000000004,0.016036509553917645,0.988487474808504
9,0.30000000000000004,0.021933884439777857,0.988562028470837
9,0.30000000000000004,0.029999999999999995,0.988662646932989
9,0.4,-0.029999999999999995,-0.97921093918226
9,0.4,-0.021933884439777857,-0.979009410869533
9,0.4,-0.016036509553917645,-0.978859627170547
9,0.4,-0.011724764912434108,-0.978748754014844
9,0.4,-0.008572321289096402,-0.978666908862575
9,0.4,-0.006267476817856269,-0.97860657075229
9,0.4,-0.004582337075061536,-0.978562047506396
9,0.4,-0.003350281728950314,-0.978529015442979
9,0.4,-0.0024494897427831787,-0.978504120331335
9,0.4,-0.001790894165154248,-0.978484608664255
9,0.4,-0.0013093755220788574,-0.978467936547688
9,0.4,-0.0009573230463183821,-0.97845126890143
9,0.4,-0.0006999271023161168,-0.978430718325475
9,0.4,-0.0005117373392823427,-0.978400053754812
9,0.4,-0.00037414625544461,-0.978348384738261
9,0.4,-0.00027354935768325616,-0.978255907486485
9,0.4,-0.00020000000000000004,-0.978086018239723
9,0.4,0.00020000000000000004,0.978086018239733
9,0.4,0.00027354935768325616,0.978255907486408
9,0.4,0.00037414625544461,0.978348384738271
9,0.4,0.0005117373392823427,0.978400053754801
9,0.4,0.0006999271023161168,0.978430718325482
9,0.4,0.0009573230463183821,0.978451268901434
9,0.4,0.0013093755220788574,0.978467936547687
9,0.4,0.001790894165154248,0.978484608664252
9,0.4,0.0024494897427831787,0.978504120331337
9,0.4,0.003350281728950314,0.978529015442978
9,0.4,0.004582337075061536,0.978562047506391
9,0.4,0.006267476817856269,0.978606570752287
9,0.4,0.008572321289096402,0.978666908862577
9,0.4,0.011724764912434108,0.978748754014838
9,0.4,0.016036509553917645,0.978859627170546
9,0.4,0.021933884439777857,0.979009410869532
9,0.4,0.029999999999999995,0.979210939182261
9,0.5,-0.029999999999999995,-0.966109228086798
9,0.5,-0.021933884439777857,-0.965736782600778
9,0.5,-0.016036509553917645,-0.965457819032936
9,0.5,-0.011724764912434108,-0.965249083554553
9,0.5,-0.008572321289096402,-0.965091822367535
9,0.5,-0.006267476817856269,-0.964970516996396
9,0.5,-0.004582337075061536,-0.964871289193453
9,0.5,-0.003350281728950314,-0.964779735690039
9,0.5,-0.0024494897427831787,-0.964677633840227
9,0.5,-0.001790894165154248,-0.964537429593019
9,0.5,-0.0013093755220788574,-0.964312474758378
9,0.5,-0.0009573230463183821,-0.963919263998104
9,0.5,-0.0006999271023161168,-0.963204828607079
9,0.5,-0.0005117373392823427,-0.961887039885396
9,0.5,-0.00037414625544461,-0.959446763616277
9,0.5,-0.00027354935768325616,-0.954938654509796
9,0.5,-0.00020000000000000004,-0.946678465028803
9,0.5,0.00020000000000000004,0.946678465029643
9,0.5,0.00027354935768325616,0.9549386545099
9,0.5,0.00037414625544461,0.959446763616128
9,0.5,0.0005117373392823427,0.961887039885478
9,0.5,0.0006999271023161168,0.963204828607036
9,0.5,0.0009573230463183821,0.963919263998084
9,0.5,0.0013093755220788574,0.964312474758382
9,0.5,0.001790894165154248,0.964537429593023
9,0.5,0.0024494897427831787,0.964677633840226
9,0.5,0.003350281728950314,0.964779735690039
9,0.5,0.004582337075061536,0.964871289193453
9,0.5,0.006267476817856269,0.964970516996396
9,0.5,0.008572321289096402,0.96509182236753
9,0.5,0.011724764912434108,0.965249083554549
9,0.5,0.016036509553917645,0.965457819032938
9,0.5,0.021933884439777857,0.965736782600774
9,0.5,0.029999999999999995,0.966109228086795
9,0.6000000000000001,-0.029999999999999995,-0.94834987441949
9,0.6000000000000001,-0.021933884439777857,-0.94766270103376
9,0.6000000000000001,-0.016036509553917645,-0.947126094884389
9,0.6000000000000001,-0.011724764912434108,-0.946688914737085
9,0.6000000000000001,-0.008572321289096402,-0.946296289229635
9,0.6000000000000001,-0.006267476817856269,-0.945878881193194
9,0.6000000000000001,-0.004582337075061536,-0.945333541677982
9,0.6000000000000001,-0.003350281728950314,-0.944488449502162
9,0.6000000000000001,-0.0024494897427831787,-0.943040142798494
9,0.6000000000000001,-0.001790894165154248,-0.940440768169767
9,0.6000000000000001,-0.0013093755220788574,-0.935701754688918
9,0.6000000000000001,-0.0009573230463183821,-0.927072669190789
9,0.6000000000000001,-0.0006999271023161168,-0.911583902026863
9,0.6000000000000001,-0.0005117373392823427,-0.884601306228684
9,0.6000000000000001,-0.00037414625544461,-0.839977400367607
9,0.6000000000000001,-0.00027354935768325616,-0.771968695084285
9,0.6000000000000001,-0.00020000000000000004,-0.679508937074692
9,0.6000000000000001,0.00020000000000000004,0.679508937072188
9,0.6000000000000001,0.00027354935768325616,0.771968695085334
9,0.6000000000000001,0.00037414625544461,0.839977400367708
9,0.6000000000000001,0.0005117373392823427,0.884601306229205
9,0.6000000000000001,0.0006999271023161168,0.911583902026865
9,0.6000000000000001,0.0009573230463183821,0.927072669190785
9,0.6000000000000001,0.0013093755220788574,0.93570175468892
9,0.6000000000000001,0.001790894165154248,0.940440768169751
9,0.6000000000000001,0.0024494897427831787,0.943040142798494
9,0.6000000000000001,0.003350281728950314,0.94448844950216
9,0.6000000000000001,0.004582337075061536,0.945333541677979
9,0.6000000000000001,0.006267476817856269,0.945878881193195
9,0.6000000000000001,0.008572321289096402,0.946296289229634
9,0.6000000000000001,0.011724764912434108,0.946688914737086
9,0.6000000000000001,0.016036509553917645,0.947126094884389
9,0.6000000000000001,0.021933884439777857,0.947662701033762
9,0.6000000000000001,0.029999999999999995,0.948349874419495
9,0.7000000000000001,-0.029999999999999995,-0.924080208323814
9,0.7000000000000001,-0.021933884439777857,-0.922619433274694
9,0.7000000000000001,-0.016036509553917645,-0.921242775874548
9,0.7000000000000001,-0.011724764912434108,-0.919710093863551
9,0.7000000000000001,-0.008572321289096402,-0.917639077070174
9,0.7000000000000001,-0.006267476817856269,-0.914379988028612
9,0.7000000000000001,-0.004582337075061536,-0.908798571839742
9,0.7000000000000001,-0.003350281728950314,-0.898929097662785
9,0.7000000000000001,-0.0024494897427831787,-0.881507687803691
9,0.7000000000000001,-0.001790894165154248,-0.851603519332286
9,0.7000000000000001,-0.0013093755220788574,-0.80306252024097
9,0.7000000000000001,-0.0009573230463183821,-0.730950701620554
9,0.7000000000000001,-0.0006999271023161168,-0.636016849282249
9,0.7000000000000001,-0.0005117373392823427,-0.527395097029108
9,0.7000000000000001,-0.00037414625544461,-0.418989587408693
9,0.7000000000000001,-0.00027354935768325616,-0.322298852192681
9,0.7000000000000001,-0.00020000000000000004,-0.242680510409386
9,0.7000000000000001,0.00020000000000000004,0.242680510409455
9,0.7000000000000001,0.00027354935768325616,0.322298852193251
9,0.7000000000000001,0.00037414625544461,0.418989587406333
9,0.7000000000000001,0.0005117373392823427,0.527395097028953
9,0.7000000000000001,0.0006999271023161168,0.636016849281104
9,0.7000000000000001,0.0009573230463183821,0.730950701620771
9,0.7000000000000001,0.0013093755220788574,0.803062520240822
9,0.7000000000000001,0.001790894165154248,0.851603519332464
9,0.7000000000000001,0.0024494897427831787,0.881507687803609
9,0.7000000000000001,0.003350281728950314,0.898929097662748
9,0.7000000000000001,0.004582337075061536,0.908798571839747
9,0.7000000000000001,0.006267476817856269,0.914379988028607
9,0.7000000000000001,0.008572321289096402,0.917639077070173
9,0.7000000000000001,0.011724764912434108,0.919710093863551
9,0.7000000000000001,0.016036509553917645,0.921242775874542
9,0.7000000000000001,0.021933884439777857,0.922619433274692
9,0.7000000000000001,0.029999999999999995,0.924080208323813
9,0.8,-0.029999999999999995,-0.889059565507321
9,0.8,-0.021933884439777857,-0.884661846631429
9,0.8,-0.016036509553917645,-0.878969983126384
9,0.8,-0.011724764912434108,-0.870413219309092
9,0.8,-0.008572321289096402,-0.856375211910203
9,0.8,-0.006267476817856269,-0.83275582575689
9,0.8,-0.004582337075061536,-0.793946749271649
9,0.8,-0.003350281728950314,-0.734239409582716
9,0.8,-0.0024494897427831787,-0.65148852618239
9,0.8,-0.001790894165154248,-0.551082873629066
9,0.8,-0.0013093755220788574,-0.445226528116445
9,0.8,-0.0009573230463183821,-0.346649607707211
9,0.8,-0.0006999271023161168,-0.26304656301462
9,0.8,-0.0005117373392823427,-0.196416779266135
9,0.8,-0.00037414625544461,-0.145287437846614
9,0.8,-0.00027354935768325616,-0.1068990225633
9,0.8,-0.00020000000000000004,-0.0784247642053124
9,0.8,0.00020000000000000004,0.078424764205234
9,0.8,0.00027354935768325616,0.106899022564104
9,0.8,0.00037414625544461,0.145287437845908
9,0.8,0.0005117373392823427,0.196416779264032
9,0.8,0.0006999271023161168,0.263046563014658
9,0.8,0.0009573230463183821,0.346649607706816
9,0.8,0.0013093755220788574,0.445226528116765
9,0.8,0.001790894165154248,0.551082873629464
9,0.8,0.0024494897427831787,0.651488526182799
9,0.8,0.003350281728950314,0.734239409582842
9,0.8,0.004582337075061536,0.793946749271516
9,0.8,0.006267476817856269,0.832755825757049
9,0.8,0.008572321289096402,0.856375211910212
9,0.8,0.011724764912434108,0.870413219309067
9,0.8,0.016036509553917645,0.878969983126393
9,0.8,0.021933884439777857,0.884661846631424
9,0.8,0.029999999999999995,0.889059565507321
9,0.9,-0.029999999999999995,-0.831883827708493
9,0.9,-0.021933884439777857,-0.815335554974095
9,0.9,-0.016036509553917645,-0.790306387638813
9,0.9,-0.011724764912434108,-0.751404619588725
9,0.9,-0.008572321289096402,-0.693198357452786
9,0.9,-0.006267476817856269,-0.613719159843616
9,0.9,-0.004582337075061536,-0.518151494849342
9,0.9,-0.003350281728950314,-0.418002962432693
9,0.9,-0.0024494897427831787,-0.325119327270763
9,0.9,-0.001790894165154248,-0.246548796829386
9,0.9,-0.0013093755220788574,-0.184027442083904
9,0.9,-0.0009573230463183821,-0.136093723950259
9,0.9,-0.0006999271023161168,-0.100122564071567
9,0.9,-0.0005117373392823427,-0.0734485608341533
9,0.9,-0.00037414625544461,-0.0537973022983703
9,0.9,-0.00027354935768325616,-0.0393708207305087
9,0.9,-0.00020000000000000004,-0.0288000629201454
9,0.9,0.00020000000000000004,0.0288000629203942
9,0.9,0.00027354935768325616,0.0393708207306687
9,0.9,0.00037414625544461,0.0537973022984059
9,0.9,0.0005117373392823427,0.0734485608341439
9,0.9,0.0006999271023161168,0.100122564070981
9,0.9,0.0009573230463183821,0.136093723950224
9,0.9,0.0013093755220788574,0.184027442083959
9,0.9,0.001790894165154248,0.246548796829361
9,0.9,0.0024494897427831787,0.325119327271072
9,0.9,0.003350281728950314,0.418002962432637
9,0.9,0.004582337075061536,0.518151494849392
9,0.9,0.006267476817856269,0.613719159843529
9,0.9,0.008572321289096402,0.693198357452835
9,0.9,0.011724764912434108,0.751404619588707
9,0.9,0.016036509553917645,0.790306387638808
9,0.9,0.021933884439777857,0.815335554974093
9,0.9,0.029999999999999995,0.831883827708493
9,1.0,-0.029999999999999995,-0.728769380425644
9,1.0,-0.021933884439777857,-0.679480524939295
9,1.0,-0.016036509553917645,-0.611803063438926
9,1.0,-0.011724764912434108,-0.527028764161887
9,1.0,-0.008572321289096402,-0.433326440657046
9,1.0,-0.006267476817856269,-0.34207546144775
9,1.0,-0.004582337075061536,-0.262020354764722
9,1.0,-0.003350281728950314,-0.196781350970992
9,1.0,-0.0024494897427831787,-0.14604314541068
9,1.0,-0.001790894165154248,-0.107655227914051
9,1.0,-0.0013093755220788574,-0.0790600357034994
9,1.0,-0.0009573230463183821,-0.0579413911751123
9,1.0,-0.0006999271023161168,-0.0424170010531593
9,1.0,-0.0005117373392823427,-0.0310336219029128
9,1.0,-0.00037414625544461,-0.0226979345962753
9,1.0,-0.00027354935768325616,-0.0165983909295123
9,1.0,-0.00020000000000000004,-0.0121368483240703
9,1.0,0.00020000000000000004,0.0121368483240702
9,1.0,0.00027354935768325616,0.0165983909295974
9,1.0,0.00037414625544461,0.0226979345961851
9,1.0,0.0005117373392823427,0.0310336219029144
9,1.0,0.0006999271023161168,0.0424170010531177
9,1.0,0.0009573230463183821,0.0579413911751645
9,1.0,0.0013093755220788574,0.0790600357035589
9,1.0,0.001790894165154248,0.107655227914198
9,1.0,0.0024494897427831787,0.146043145410681
9,1.0,0.003350281728950314,0.196781350970954
9,1.0,0.004582337075061536,0.262020354764708
9,1.0,0.006267476817856269,0.342075461447765
9,1.0,0.008572321289096402,0.43332644065703
9,1.0,0.011724764912434108,0.5270287641619
9,1.0,0.016036509553917645,0.611803063438926
9,1.0,0.021933884439777857,0.679480524939278
9,1.0,0.029999999999999995,0.728769380425645
10,0.0,-0.029999999999999995,-0.999999999999996
10,0.0,-0.021933884439777857,-1.0
10,0.0,-0.016036509553917645,-0.999999999999998
10,0.0,-0.011724764912434108,-0.999999999999998
10,0.0,-0.008572321289096402,-0.999999999999997
10,0.0,-0.006267476817856269,-1.0
10,0.0,-0.004582337075061536,-0.999999999999999
10,0.0,-0.003350281728950314,-1.0
10,0.0,-0.0024494897427831787,-1.0
10,0.0,-0.001790894165154248,-1.0
10,0.0,-0.0013093755220788574,-1.0
10,0.0,-0.0009573230463183821,-0.999999999999999
10,0.0,-0.0006999271023161168,-1.0
10,0.0,-0.0005117373392823427,-0.999999999999996
10,0.0,-0.00037414625544461,-1.0
10,0.0,-0.00027354935768325616,-1.0
10,0.0,-0.00020000000000000004,-1.0
10,0.0,0.00020000000000000004,1.0
10,0.0,0.00027354935768325616,0.999999999999999
10,0.0,0.00037414625544461,1.0
10,0.0,0.0005117373392823427,0.999999999999997
10,0.0,0.0006999271023161168,0.999999999999999
10,0.0,0.0009573230463183821,1.0
10,0.0,0.0013093755220788574,1.0
10,0.0,0.001790894165154248,0.999999999999995
10,0.0,0.0024494897427831787,1.0
10,0.0,0.003350281728950314,0.999999999999999
10,0.0,0.004582337075061536,1.0
10,0.0,0.006267476817856269,0.999999999999999
10,0.0,0.008572321289096402,1.0
10,0.0,0.011724764912434108,0.999999999999999
10,0.0,0.016036509553917645,0.999999999999996
10,0.0,0.021933884439777857,0.999999999999998
10,0.0,0.029999999999999995,0.999999999999997
10,0.1,-0.029999999999999995,-0.998781749141003
10,0.1,-0.021933884439777857,-0.998771900573193
10,0.1,-0.016036509553917645,-0.998764622921217
10,0.1,-0.011724764912434108,-0.998759260283356
10,0.1,-0.008572321289096402,-0.998755316981768
10,0.1,-0.006267476817856269,-0.998752421796754
10,0.1,-0.004582337075061536,-0.9987502985295
10,0.1,-0.003350281728950314,-0.998748742652228
10,0.1,-0.0024494897427831787,-0.998747603231697
10,0.1,-0.001790894165154248,-0.998746769164659
10,0.1,-0.0013093755220788574,-0.998746158816683
10,0.1,-0.0009573230463183821,-0.998745712285936
10,0.1,-0.0006999271023161168,-0.998745385660421
10,0.1,-0.0005117373392823427,-0.998745146772655
10,0.1,-0.00037414625544461,-0.9987449720708
10,0.1,-0.00027354935768325616,-0.998744844317617
10,0.1,-0.00020000000000000004,-0.998744750900922
10,0.1,0.00020000000000000004,0.998744750900926
10,0.1,0.00027354935768325616,0.998744844317616
10,0.1,0.00037414625544461,0.998744972070802
10,0.1,0.0005117373392823427,0.998745146772659
10,0.1,0.0006999271023161168,0.998745385660419
10,0.1,0.0009573230463183821,0.998745712285936
10,0.1,0.0013093755220788574,0.998746158816681
10,0.1,0.001790894165154248,0.998746769164663
10,0.1,0.0024494897427831787,0.998747603231692
10,0.1,0.003350281728950314,0.998748742652225
10,0.1,0.004582337075061536,0.998750298529501
10,0.1,0.006267476817856269,0.998752421796753
10,0.1,0.008572321289096402,0.998755316981767
10,0.1,0.011724764912434108,0.998759260283367
10,0.1,0.016036509553917645,0.99876462292122
10,0.1,0.021933884439777857,0.998771900573192
10,0.1,0.029999999999999995,0.998781749141002
10,0.2,-0.029999999999999995,-0.995066578159447
10,0.2,-0.021933884439777857,-0.995025311083416
10,0.2,-0.016036509553917645,-0.994994787965708
10,0.2,-0.011724764912434108,-0.994972280801506
10,0.2,-0.008572321289096402,-0.994955721995866
10,0.2,-0.006267476817856269,-0.994943559765358
10,0.2,-0.004582337075061536,-0.994934637698182
10,0.2,-0.003350281728950314,-0.994928098456383
10,0.2,-0.0024494897427831787,-0.994923308813339
10,0.2,-0.001790894165154248,-0.994919802350206
10,0.2,-0.0013093755220788574,-0.994917236200736
10,0.2,-0.0009573230463183821,-0.994915358690317
10,0.2,-0.0006999271023161168,-0.994913985278557
10,0.2,-0.0005117373392823427,-0.994912980756368
10,0.2,-0.00037414625544461,-0.994912246114631
10,0.2,-0.00027354935768325616,-0.994911708881512
10,0.2,-0.00020000000000000004,-0.994911316024274
10,0.2,0.00020000000000000004,0.994911316024272
10,0.2,0.00027354935768325616,0.994911708881513
10,0.2,0.00037414625544461,0.994912246114626
10,0.2,0.0005117373392823427,0.994912980756372
10,0.2,0.0006999271023161168,0.994913985278557
10,0.2,0.0009573230463183821,0.994915358690316
10,0.2,0.0013093755220788574,0.994917236200738
10,0.2,0.001790894165154248,0.994919802350203
10,0.2,0.0024494897427831787,0.994923308813343
10,0.2,0.003350281728950314,0.994928098456379
10,0.2,0.004582337075061536,0.99493463769818
10,0.2,0.006267476817856269,0.994943559765354
10,0.2,0.008572321289096402,0.994955721995861
10,0.2,0.011724764912434108,0.994972280801505
10,0.2,0.016036509553917645,0.994994787965708
10,0.2,0.021933884439777857,0.995025311083421
10,0.2,0.029999999999999995,0.995066578159447
10,0.30000000000000004,-0.029999999999999995,-0.988662647000104
10,0.30000000000000004,-0.021933884439777857,-0.988562028611545
10,0.30000000000000004,-0.016036509553917645,-0.988487475091184
10,0.30000000000000004,-0.011724764912434108,-0.988432427827998
10,0.30000000000000004,-0.008572321289096402,-0.988391888753233
10,0.30000000000000004,-0.006267476817856269,-0.988362091405977
10,0.30000000000000004,-0.004582337075061536,-0.988340220478594
10,0.30000000000000004,-0.003350281728950314,-0.988324184081954
10,0.30000000000000004,-0.0024494897427831787,-0.98831243456028
10,0.30000000000000004,-0.001790894165154248,-0.988303830465832
10,0.30000000000000004,-0.0013093755220788574,-0.988297531772553
10,0.30000000000000004,-0.0009573230463183821,-0.988292921100093
10,0.30000000000000004,-0.0006999271023161168,-0.988289544839
10,0.30000000000000004,-0.0005117373392823427,-0.988287069212882
10,0.30000000000000004,-0.00037414625544461,-0.988285247294915
10,0.30000000000000004,-0.00027354935768325616,-0.988283893721344
10,0.30000000000000004,-0.00020000000000000004,-0.988282864247609
10,0.30000000000000004,0.00020000000000000004,0.988282864247613
10,0.30000000000000004,0.00027354935768325616,0.988283893721344
10,0.30000000000000004,0.00037414625544461,0.988285247294916
10,0.30000000000000004,0.0005117373392823427,0.988287069212885
10,0.30000000000000004,0.0006999271023161168,0.988289544838999
10,0.30000000000000004,0.0009573230463183821,0.988292921100098
10,0.30000000000000004,0.0013093755220788574,0.988297531772553
10,0.30000000000000004,0.001790894165154248,0.988303830465827
10,0.30000000000000004,0.0024494897427831787,0.98831243456028
10,0.30000000000000004,0.003350281728950314,0.988324184081954
10,0.30000000000000004,0.004582337075061536,0.988340220478592
10,0.30000000000000004,0.006267476817856269,0.988362091405976
10,0.30000000000000004,0.008572321289096402,0.988391888753236
10,0.30000000000000004,0.011724764912434108,0.98843242782799
10,0.30000000000000004,0.016036509553917645,0.988487475091181
10,0.30000000000000004,0.021933884439777857,0.988562028611545
10,0.30000000000000004,0.029999999999999995,0.9886626470001
10,0.4,-0.029999999999999995,-0.979210949782482
10,0.4,-0.021933884439777857,-0.979009433124007
10,0.4,-0.016036509553917645,-0.978859671921631
10,0.4,-0.011724764912434108,-0.978748841496605
10,0.4,-0.008572321289096402,-0.978667076846578
10,0.4,-0.006267476817856269,-0.97860688980586
10,0.4,-0.004582337075061536,-0.978562649550772
10,0.4,-0.003350281728950314,-0.978530147185425
10,0.4,-0.0024494897427831787,-0.978506243224326
10,0.4,-0.001790894165154248,-0.978488585898807
10,0.4,-0.0013093755220788574,-0.978475382853328
10,0.4,-0.0009573230463183821,-0.978465204880527
10,0.4,-0.0006999271023161168,-0.978456794375755
10,0.4,-0.0005117373392823427,-0.978448839140401
10,0.4,-0.00037414625544461,-0.978439647875065
10,0.4,-0.00027354935768325616,-0.978426616383728
10,0.4,-0.00020000000000000004,-0.978405283325597
10,0.4,0.00020000000000000004,0.978405283325625
10,0.4,0.00027354935768325616,0.978426616383727
10,0.4,0.00037414625544461,0.978439647875071
10,0.4,0.0005117373392823427,0.978448839140395
10,0.4,0.0006999271023161168,0.978456794375757
10,0.4,0.0009573230463183821,0.978465204880533
10,0.4,0.0013093755220788574,0.97847538285333
10,0.4,0.001790894165154248,0.978488585898808
10,0.4,0.0024494897427831787,0.978506243224328
10,0.4,0.003350281728950314,0.97853014718543
10,0.4,0.004582337075061536,0.97856264955078
10,0.4,0.006267476817856269,0.978606889805861
10,0.4,0.008572321289096402,0.978667076846578
10,0.4,0.011724764912434108,0.9787488414966
10,0.4,0.016036509553917645,0.978859671921626
10,0.4,0.021933884439777857,0.979009433124012
10,0.4,0.029999999999999995,0.979210949782481
10,0.5,-0.029999999999999995,-0.966109729871703
10,0.5,-0.021933884439777857,-0.965737837769956
10,0.5,-0.016036509553917645,-0.965459943303386
10,0.5,-0.011724764912434108,-0.965253239417859
10,0.5,-0.008572321289096402,-0.965099806474576
10,0.5,-0.006267476817856269,-0.964985685758548
10,0.5,-0.004582337075061536,-0.964899916658944
10,0.5,-0.003350281728950314,-0.964833553368813
10,0.5,-0.0024494897427831787,-0.964778579418934
10,0.5,-0.001790894165154248,-0.964726520802079
10,0.5,-0.0013093755220788574,-0.964666375953374
10,0.5,-0.0009573230463183821,-0.964581159016243
10,0.5,-0.0006999271023161168,-0.964441761743722
10,0.5,-0.0005117373392823427,-0.964195747638042
10,0.5,-0.00037414625544461,-0.963746692111511
10,0.5,-0.00027354935768325616,-0.962916091489099
10,0.5,-0.00020000000000000004,-0.961373669030467
10,0.5,0.00020000000000000004,0.961373669030474
10,0.5,0.00027354935768325616,0.962916091489084
10,0.5,0.00037414625544461,0.963746692111539
10,0.5,0.0005117373392823427,0.964195747638041
10,0.5,0.0006999271023161168,0.964441761743722
10,0.5,0.0009573230463183821,0.964581159016239
10,0.5,0.0013093755220788574,0.964666375953372
10,0.5,0.001790894165154248,0.964726520802084
10,0.5,0.0024494897427831787,0.964778579418931
10,0.5,0.003350281728950314,0.964833553368808
10,0.5,0.004582337075061536,0.964899916658944
10,0.5,0.006267476817856269,0.964985685758549
10,0.5,0.008572321289096402,0.965099806474576
10,0.5,0.011724764912434108,0.96525323941786
10,0.5,0.016036509553917645,0.965459943303383
10,0.5,0.021933884439777857,0.965737837769957
10,0.5,0.029999999999999995,0.966109729871702
10,0.6000000000000001,-0.029999999999999995,-0.948360676305703
10,0.6000000000000001,-0.021933884439777857,-0.947685451276759
10,0.6000000000000001,-0.016036509553917645,-0.947171946720483
10,0.6000000000000001,-0.011724764912434108,-0.946778679922846
10,0.6000000000000001,-0.008572321289096402,-0.946468796364278
10,0.6000000000000001,-0.006267476817856269,-0.94620659719358
10,0.6000000000000001,-0.004582337075061536,-0.945951684015133
10,0.6000000000000001,-0.003350281728950314,-0.945649013194117
10,0.6000000000000001,-0.0024494897427831787,-0.945211434643302
10,0.6000000000000001,-0.001790894165154248,-0.944488298227231
10,0.6000000000000001,-0.0013093755220788574,-0.943208543962368
10,0.6000000000000001,-0.0009573230463183821,-0.940878259879732
10,0.6000000000000001,-0.0006999271023161168,-0.936600895283697
10,0.6000000000000001,-0.0005117373392823427,-0.928778912997949
10,0.6000000000000001,-0.00037414625544461,-0.914675344297721
10,0.6000000000000001,-0.00027354935768325616,-0.889942661873025
10,0.6000000000000001,-0.00020000000000000004,-0.848611164205531
10,0.6000000000000001,0.00020000000000000004,0.848611164205916
10,0.6000000000000001,0.00027354935768325616,0.889942661872078
10,0.6000000000000001,0.00037414625544461,0.914675344297625
10,0.6000000000000001,0.0005117373392823427,0.928778912998187
10,0.6000000000000001,0.0006999271023161168,0.936600895283681
10,0.6000000000000001,0.0009573230463183821,0.940878259879669
10,0.6000000000000001,0.0013093755220788574,0.943208543962384
10,0.6000000000000001,0.001790894165154248,0.944488298227243
10,0.6000000000000001,0.0024494897427831787,0.945211434643311
10,0.6000000000000001,0.003350281728950314,0.945649013194119
10,0.6000000000000001,0.004582337075061536,0.945951684015129
10,0.6000000000000001,0.006267476817856269,0.946206597193582
10,0.6000000000000001,0.008572321289096402,0.946468796364274
10,0.6000000000000001,0.011724764912434108,0.946778679922845
10,0.6000000000000001,0.016036509553917645,0.947171946720481
10,0.6000000000000001,0.021933884439777857,0.94768545127676
10,0.6000000000000001,0.029999999999999995,0.948360676305701
10,0.7000000000000001,-0.029999999999999995,-0.924210862869408
10,0.7000000000000001,-0.021933884439777857,-0.922894737553864
10,0.7000000000000001,-0.016036509553917645,-0.921797544955517
10,0.7000000000000001,-0.011724764912434108,-0.920794905562433
10,0.7000000000000001,-0.008572321289096402,-0.919717929875538
10,0.7000000000000001,-0.006267476817856269,-0.918306729257613
10,0.7000000000000001,-0.004582337075061536,-0.916125017204238
10,0.7000000000000001,-0.003350281728950314,-0.912408680455464
10,0.7000000000000001,-0.0024494897427831787,-0.905809979181452
10,0.7000000000000001,-0.001790894165154248,-0.894005513132811
10,0.7000000000000001,-0.0013093755220788574,-0.873220256132253
10,0.7000000000000001,-0.0009573230463183821,-0.838012336958846
10,0.7000000000000001,-0.0006999271023161168,-0.782235295433017
10,0.7000000000000001,-0.0005117373392823427,-0.702278859755949
10,0.7000000000000001,-0.00037414625544461,-0.601568846424106
10,0.7000000000000001,-0.00027354935768325616,-0.491497836313878
10,0.7000000000000001,-0.00020000000000000004,-0.385924981765437
10,0.7000000000000001,0.00020000000000000004,0.385924981769488
10,0.7000000000000001,0.00027354935768325616,0.491497836310847
10,0.7000000000000001,0.00037414625544461,0.601568846422046
10,0.7000000000000001,0.0005117373392823427,0.702278859755707
10,0.7000000000000001,0.0006999271023161168,0.782235295432876
10,0.7000000000000001,0.0009573230463183821,0.83801233695908
10,0.7000000000000001,0.0013093755220788574,0.873220256132168
10,0.7000000000000001,0.001790894165154248,0.894005513132717
10,0.7000000000000001,0.0024494897427831787,0.905809979181499
